3 0.313750 1.000000 0.303531 0.978020 0.307188 0.960480 0.314484 0.952688 0.322516 0.948792 0.324719 0.924458 0.329828 0.899145 0.329094 0.867000 0.307922 0.867980 0.295500 0.851417 0.288922 0.839730 0.296234 0.826105 0.305719 0.816375 0.310109 0.793958 0.304266 0.773520 0.304266 0.761833 0.295500 0.752105 0.292578 0.729708 0.286734 0.721917 0.271391 0.719958 0.260437 0.719958 0.249484 0.727750 0.250219 0.741375 0.253141 0.753062 0.256797 0.765730 0.260437 0.767667 0.266281 0.769625 0.262641 0.779355 0.255328 0.810520 0.246563 0.841687 0.242922 0.852395 0.237797 0.872833 0.231953 0.871875 0.227578 0.869917 0.218078 0.880625 0.226844 0.894270 0.242922 0.890375 0.251672 0.866020 0.266281 0.846542 0.266281 0.861167 0.260437 0.862125 0.255328 0.867980 0.258250 0.880625 0.262641 0.889395 0.267016 0.887458 0.262641 0.928355 0.257516 0.964375 0.258984 0.974125 0.273594 0.973145 0.277234 0.987750 0.281625 1.000000 0.305000 1.000000 0.313750 1.000000
3 0.385391 0.829313 0.385391 0.821813 0.388906 0.793667 0.394531 0.813375 0.394531 0.836833 0.401578 0.846208 0.401578 0.838708 0.401578 0.819937 0.403688 0.788980 0.409312 0.781458 0.411422 0.767395 0.414250 0.745812 0.413531 0.722355 0.406500 0.705458 0.408609 0.699833 0.408609 0.684812 0.405094 0.680125 0.393828 0.681063 0.390313 0.693270 0.388203 0.701708 0.371312 0.715792 0.369906 0.742063 0.376938 0.757062 0.377656 0.787105 0.374125 0.837770 0.372016 0.837770 0.374828 0.844333 0.378359 0.846208 0.386797 0.842458 0.385391 0.829313
3 0.338641 0.713980 0.333531 0.725480 0.333531 0.735270 0.333219 0.749313 0.330656 0.759958 0.330656 0.764230 0.333219 0.770605 0.335453 0.777417 0.349828 0.785500 0.353016 0.789333 0.350141 0.796583 0.352375 0.802958 0.355250 0.818708 0.356844 0.800417 0.356203 0.791480 0.355250 0.764645 0.353328 0.758687 0.351422 0.752730 0.355250 0.747188 0.358438 0.735687 0.365469 0.728020 0.365469 0.722500 0.359719 0.723770 0.353656 0.733563 0.353656 0.732292 0.354609 0.728020 0.352063 0.719938 0.352063 0.716958 0.356531 0.711855 0.357172 0.708020 0.357484 0.704187 0.355250 0.695250 0.347906 0.693125 0.346625 0.692688 0.343109 0.694395 0.343109 0.701625 0.342797 0.708020 0.338641 0.713980
3 0.414297 0.782375 0.412641 0.840687 0.431625 0.810980 0.438219 0.751563 0.438219 0.725167 0.425016 0.688855 0.415125 0.709770 0.414297 0.782375
3 0.497172 0.851812 0.493781 0.844083 0.494266 0.824708 0.491844 0.811812 0.491844 0.795667 0.490875 0.785355 0.488453 0.778895 0.484578 0.766000 0.482641 0.751792 0.484578 0.746625 0.493297 0.758250 0.496688 0.753083 0.496203 0.747270 0.487484 0.731792 0.482641 0.721730 0.483125 0.716583 0.480719 0.702375 0.471031 0.703667 0.465219 0.710770 0.457484 0.725605 0.452641 0.737875 0.449734 0.772708 0.450703 0.788208 0.457000 0.787563 0.457484 0.784333 0.457000 0.768855 0.461359 0.756583 0.463281 0.794020 0.467156 0.809500 0.469094 0.842417 0.469578 0.847583 0.459422 0.855312 0.460875 0.860480 0.474906 0.860480 0.478297 0.854020 0.477813 0.823708 0.478297 0.802125 0.483609 0.819562 0.484578 0.835688 0.490391 0.854395 0.497656 0.862792 0.501531 0.858917 0.497172 0.851812
3 0.914578 0.739355 0.915203 0.720250 0.913328 0.705313 0.908344 0.694520 0.907719 0.685395 0.901500 0.682895 0.899016 0.691208 0.899625 0.697833 0.895891 0.703645 0.892156 0.700333 0.895281 0.715270 0.899625 0.736855 0.897766 0.760938 0.897766 0.763417 0.911453 0.770895 0.913328 0.761770 0.913328 0.750980 0.914578 0.739355
3 0.195609 0.715188 0.196234 0.725042 0.196656 0.728417 0.198984 0.735167 0.197297 0.741645 0.197297 0.745583 0.197938 0.751500 0.196656 0.753750 0.203000 0.755167 0.205750 0.750938 0.203203 0.748688 0.203203 0.748125 0.204906 0.741645 0.203844 0.735167 0.204906 0.732917 0.207641 0.729542 0.206172 0.725875 0.207641 0.717145 0.207219 0.712083 0.208703 0.708417 0.211234 0.708417 0.211234 0.705605 0.211438 0.701105 0.209969 0.699708 0.209750 0.696042 0.208703 0.690980 0.205953 0.689000 0.206172 0.686750 0.207641 0.683938 0.209547 0.683938 0.208703 0.680270 0.206797 0.678020 0.202359 0.678020 0.199406 0.682520 0.199203 0.685625 0.198359 0.689000 0.198359 0.697730 0.197938 0.705042 0.196453 0.708145 0.195609 0.715188
3 0.521141 0.708355 0.515891 0.696105 0.502750 0.696105 0.500125 0.710105 0.501437 0.732875 0.494875 0.738125 0.498812 0.748625 0.494875 0.792395 0.501437 0.848437 0.508000 0.851938 0.519828 0.850187 0.518516 0.846688 0.518516 0.829167 0.523766 0.764395 0.526391 0.732875 0.521141 0.708355
3 0.126984 0.698125 0.125688 0.703313 0.124984 0.710855 0.122031 0.725792 0.121328 0.735708 0.121328 0.738855 0.122141 0.743105 0.124156 0.742312 0.124984 0.735083 0.125797 0.726895 0.126281 0.738375 0.126391 0.742625 0.127453 0.742938 0.127109 0.751125 0.126281 0.760563 0.124984 0.772042 0.125094 0.778958 0.127219 0.780375 0.129109 0.780208 0.129812 0.774083 0.131703 0.754105 0.132172 0.739958 0.133469 0.736812 0.131109 0.735395 0.129578 0.733042 0.130281 0.730208 0.132297 0.728167 0.132641 0.725167 0.135594 0.721542 0.136531 0.719500 0.142203 0.720458 0.146922 0.721083 0.148922 0.721083 0.150453 0.717938 0.152812 0.716833 0.153047 0.710230 0.151750 0.705042 0.147625 0.695917 0.145859 0.694667 0.146453 0.688375 0.146328 0.682855 0.145031 0.680813 0.142437 0.680020 0.139375 0.680020 0.137016 0.681770 0.135000 0.685688 0.133469 0.692292 0.132641 0.693875 0.126984 0.698125
3 0.230641 0.752125 0.231328 0.753917 0.236719 0.758417 0.238078 0.754812 0.236719 0.735917 0.236047 0.718813 0.236719 0.710708 0.240094 0.711605 0.238750 0.705313 0.236719 0.699917 0.234016 0.694520 0.232672 0.691812 0.233344 0.684605 0.230641 0.680105 0.225250 0.678312 0.222547 0.683708 0.221188 0.687312 0.219844 0.694520 0.218500 0.696313 0.216469 0.702605 0.215797 0.709812 0.217141 0.718813 0.217141 0.725105 0.219172 0.736812 0.218500 0.753020 0.223891 0.753917 0.226594 0.748520 0.229297 0.744020 0.230641 0.746708 0.230641 0.752125
3 0.353281 0.724625 0.355219 0.727855 0.359594 0.725270 0.362016 0.723958 0.366375 0.721375 0.366375 0.726562 0.362500 0.730438 0.358625 0.740792 0.351828 0.752437 0.353281 0.759542 0.356187 0.771188 0.356187 0.790583 0.357656 0.810000 0.356187 0.820333 0.360078 0.826812 0.362984 0.811292 0.362984 0.806105 0.362500 0.797063 0.362984 0.786062 0.365891 0.773125 0.368812 0.764708 0.371234 0.757605 0.375594 0.754375 0.370266 0.742730 0.370266 0.734958 0.372688 0.727855 0.370266 0.717500 0.368812 0.711042 0.368812 0.702625 0.370266 0.694855 0.367344 0.685167 0.360078 0.681937 0.356187 0.689042 0.357156 0.698105 0.357656 0.706500 0.356187 0.714270 0.352312 0.718145 0.353281 0.724625
3 0.321766 0.710083 0.321984 0.703062 0.322406 0.699417 0.317344 0.689855 0.310812 0.688750 0.304500 0.693230 0.303437 0.702792 0.307437 0.711770 0.300906 0.715145 0.298172 0.725250 0.298813 0.738458 0.299859 0.744083 0.299234 0.753917 0.304500 0.761770 0.329141 0.771605 0.330406 0.771605 0.324297 0.744083 0.327031 0.742105 0.325344 0.728625 0.318609 0.715145 0.318609 0.710083 0.321766 0.710083
3 0.849359 0.703250 0.848812 0.699625 0.850172 0.699270 0.851812 0.695270 0.850984 0.689125 0.845828 0.685125 0.843656 0.693833 0.843656 0.698167 0.841484 0.702520 0.839312 0.714833 0.840125 0.724250 0.842297 0.743458 0.841484 0.760125 0.840938 0.766645 0.847453 0.767730 0.849094 0.767730 0.843922 0.763375 0.845562 0.757958 0.847734 0.754687 0.849625 0.760855 0.849625 0.766292 0.852344 0.768083 0.861313 0.766292 0.855875 0.762292 0.851812 0.758667 0.853703 0.755042 0.852078 0.751437 0.852344 0.729688 0.854250 0.720270 0.858062 0.718833 0.853984 0.713395 0.849906 0.711583 0.849359 0.703250
3 0.064062 1.000000 0.059375 0.972917 0.062500 0.947917 0.056828 0.947145 0.061980 0.936111 0.057813 0.893750 0.064062 0.847917 0.064062 0.831250 0.089063 0.835417 0.096875 0.825000 0.118750 0.777083 0.121875 0.764583 0.126562 0.758333 0.132812 0.754167 0.135937 0.745833 0.132812 0.737500 0.273438 0.718750 0.285938 0.722917 0.290625 0.729167 0.295312 0.727083 0.300000 0.716667 0.301563 0.702083 0.306250 0.691667 0.315625 0.689583 0.321875 0.700000 0.318750 0.716667 0.326562 0.735417 0.331250 0.735417 0.339062 0.714583 0.337500 0.685417 0.340625 0.677083 0.367448 0.691667 0.367969 0.712500 0.371875 0.714583 0.367578 0.722917 0.366406 0.754167 0.370312 0.760417 0.366016 0.764583 0.365625 0.779167 0.368750 0.766667 0.373437 0.770833 0.376563 0.781250 0.403125 0.787939 0.404687 0.789583 0.403125 0.798684 0.403125 0.841667 0.412500 0.841667 0.417187 0.837500 0.418750 0.831250 0.412500 0.782917 0.403125 0.777194 0.410938 0.770833 0.403125 0.766447 0.403125 0.744956 0.414062 0.754167 0.410781 0.722917 0.415625 0.710417 0.409687 0.712500 0.407813 0.710417 0.407813 0.702083 0.403125 0.701973 0.403125 0.680483 0.406250 0.677083 0.407813 0.685417 0.423438 0.693750 0.423438 0.687500 0.428125 0.683333 0.431250 0.675000 0.431250 0.660417 0.428125 0.652083 0.428259 0.636012 0.459687 0.639583 0.423438 0.629167 0.420402 0.635119 0.412545 0.634227 0.409375 0.627083 0.398438 0.641319 0.403125 0.650000 0.392188 0.649306 0.385937 0.657292 0.384375 0.670833 0.379688 0.665278 0.373437 0.670833 0.373437 0.673264 0.367188 0.681250 0.341072 0.676786 0.339062 0.654167 0.342187 0.650000 0.342187 0.643750 0.334375 0.641667 0.328125 0.652083 0.328125 0.660417 0.325000 0.666667 0.323661 0.673809 0.314955 0.672322 0.310937 0.664583 0.306250 0.670833 0.306250 0.681250 0.298828 0.676042 0.298438 0.685417 0.293750 0.681250 0.291406 0.681250 0.283984 0.686458 0.282813 0.681250 0.276562 0.691667 0.140798 0.723148 0.140625 0.720833 0.135937 0.720833 0.134375 0.725000 0.132812 0.725000 0.126202 0.719391 0.125000 0.710417 0.119591 0.713783 0.099759 0.696955 0.092188 0.700000 0.093750 0.689583 0.086539 0.685737 0.092188 0.675000 0.079928 0.680128 0.079687 0.666667 0.087500 0.654167 0.087500 0.641667 0.082812 0.635417 0.065625 0.637500 0.056250 0.645833 0.051562 0.645833 0.046875 0.652083 0.060097 0.663302 0.048438 0.670833 0.043750 0.677083 0.037500 0.695833 0.029687 0.704167 0.025000 0.714583 0.025000 0.727083 0.029687 0.733333 0.026503 0.737580 0.033681 0.778009 0.031250 0.780000 0.035127 0.788580 0.031250 0.791250 0.036573 0.799152 0.031250 0.802500 0.031250 0.825000 0.034375 0.839583 0.034375 0.872917 0.031250 0.885417 0.032813 0.922917 0.026562 0.933333 0.025000 0.979167 0.026562 0.991667 0.031250 1.000000 0.064062 1.000000
3 0.698438 0.725000 0.707812 0.725000 0.714063 0.712500 0.713281 0.691667 0.734375 0.694583 0.734375 0.739583 0.739062 0.745833 0.748437 0.745833 0.753125 0.739583 0.760938 0.739583 0.764062 0.735417 0.768750 0.716667 0.768750 0.695833 0.793750 0.680000 0.809375 0.680833 0.825000 0.726389 0.812500 0.731250 0.817187 0.737500 0.823438 0.737500 0.823438 0.772917 0.828125 0.779167 0.837500 0.779167 0.840625 0.775000 0.834375 0.755556 0.842187 0.745833 0.839583 0.693750 0.850781 0.700000 0.850000 0.710417 0.856250 0.716667 0.853125 0.733333 0.857812 0.772917 0.862500 0.779167 0.871875 0.779167 0.876563 0.768750 0.873437 0.727083 0.875000 0.700000 0.912500 0.700000 0.914062 0.712500 0.914062 0.750000 0.918750 0.760417 0.925000 0.760417 0.935937 0.722917 0.935937 0.702083 0.957812 0.710417 0.959375 0.752083 0.964063 0.758333 0.973437 0.758333 0.978125 0.747917 0.976562 0.710417 0.979688 0.695833 0.975000 0.687500 0.965625 0.687500 0.960938 0.693750 0.937500 0.687500 0.932031 0.692708 0.929688 0.685417 0.928125 0.683333 0.921875 0.683333 0.921875 0.679167 0.914062 0.681250 0.910937 0.687500 0.906250 0.682292 0.867188 0.687500 0.864062 0.685417 0.859375 0.688542 0.854688 0.685417 0.851562 0.689583 0.842969 0.687500 0.834375 0.675000 0.839063 0.683333 0.834375 0.685417 0.825781 0.683333 0.825000 0.675000 0.820312 0.681250 0.762500 0.678333 0.764062 0.687500 0.754687 0.687500 0.754687 0.677917 0.739062 0.677083 0.734375 0.683333 0.730580 0.675297 0.722098 0.673512 0.712891 0.681250 0.713616 0.671727 0.707812 0.664583 0.705134 0.669941 0.698438 0.664583 0.696652 0.668155 0.689063 0.664583 0.688170 0.666369 0.679688 0.664583 0.675000 0.670833 0.671830 0.663691 0.498973 0.644047 0.675000 0.683333 0.675000 0.695833 0.685937 0.712500 0.692187 0.712500 0.698438 0.725000