3 0.470422 0.777056 0.469219 0.764486 0.477625 0.742920 0.489031 0.704298 0.476422 0.661192 0.465016 0.641448 0.522672 0.619883 0.561703 0.622594 0.574922 0.618084 0.582125 0.598341 0.570109 0.570491 0.552094 0.557033 0.534078 0.557033 0.516062 0.585770 0.502844 0.592944 0.452406 0.585770 0.462016 0.557033 0.483625 0.520211 0.486625 0.473505 0.465609 0.444766 0.451797 0.426798 0.422375 0.423225 0.398344 0.440280 0.394141 0.475303 0.377922 0.490561 0.378531 0.507641 0.351500 0.525584 0.316672 0.577688 0.311859 0.593855 0.301656 0.613598 0.266813 0.722266 0.274625 0.745631 0.274625 0.759089 0.288438 0.812080 0.317875 0.830934 0.358109 0.814766 0.323875 0.859673 0.324469 0.875841 0.341297 0.893808 0.406750 0.900981 0.422969 0.894697 0.434984 0.902780 0.443984 0.882127 0.434375 0.871355 0.406750 0.847991 0.432578 0.803084 0.457203 0.783341 0.470422 0.777056
3 0.545281 0.407780 0.541516 0.416216 0.543953 0.418202 0.558078 0.416798 0.558641 0.415373 0.586891 0.414252 0.593859 0.414813 0.598375 0.419603 0.602703 0.420444 0.606469 0.417359 0.604969 0.413131 0.595734 0.398761 0.588391 0.382734 0.585750 0.378505 0.586891 0.375117 0.587641 0.363294 0.581234 0.352594 0.576156 0.349509 0.572578 0.350070 0.564297 0.353434 0.557141 0.360770 0.553562 0.370608 0.553375 0.381028 0.549609 0.395958 0.545281 0.407780
3 0.285891 0.558155 0.299187 0.510958 0.310812 0.496869 0.323547 0.501005 0.324109 0.527523 0.337406 0.549883 0.348484 0.533317 0.350687 0.516752 0.348484 0.496869 0.349594 0.475327 0.341281 0.458761 0.329641 0.446355 0.323547 0.433925 0.311375 0.400794 0.312469 0.399977 0.321891 0.361869 0.318562 0.341169 0.298625 0.341986 0.292531 0.355234 0.284781 0.379252 0.280344 0.395000 0.261516 0.445514 0.252656 0.472033 0.259859 0.591284 0.270000 0.613294 0.290875 0.607033 0.290328 0.584673 0.282016 0.578037 0.285891 0.558155
3 0.340250 0.336402 0.344141 0.354673 0.350250 0.356331 0.358016 0.353831 0.359125 0.345537 0.361344 0.337244 0.364125 0.322289 0.370781 0.285770 0.368016 0.270000 0.339141 0.260047 0.330813 0.253411 0.309172 0.237617 0.308063 0.232641 0.305281 0.216869 0.300281 0.204416 0.294172 0.193622 0.294172 0.182850 0.295281 0.160420 0.279750 0.147150 0.271969 0.150467 0.267531 0.162920 0.265313 0.182009 0.264750 0.191145 0.259766 0.197780 0.254203 0.206075 0.248656 0.215211 0.239781 0.224345 0.227562 0.235141 0.224234 0.250911 0.228672 0.250911 0.232000 0.247594 0.240328 0.243434 0.244219 0.250070 0.249219 0.245094 0.254766 0.245094 0.256422 0.245934 0.258094 0.249252 0.261422 0.259206 0.266422 0.262523 0.277531 0.262523 0.288625 0.263364 0.290844 0.269183 0.290844 0.280794 0.289734 0.298225 0.296391 0.304859 0.308063 0.309836 0.313609 0.318972 0.313609 0.338061 0.324156 0.354673 0.325813 0.354673 0.331375 0.353014 0.338594 0.336402 0.340250 0.336402
3 0.530328 0.227641 0.518422 0.228084 0.502656 0.226752 0.495812 0.223645 0.494625 0.216963 0.499688 0.202734 0.500578 0.189836 0.501172 0.177383 0.499094 0.171145 0.491359 0.167150 0.480047 0.169369 0.477672 0.182711 0.477672 0.192500 0.475891 0.204509 0.475891 0.213411 0.473500 0.218317 0.467859 0.224533 0.466969 0.225864 0.481844 0.238317 0.497609 0.236098 0.509797 0.233878 0.524375 0.238317 0.531219 0.235211 0.530328 0.227641
3 0.101125 0.158294 0.137500 0.175841 0.137500 0.138995 0.124594 0.079322 0.125766 0.045981 0.098781 0.038972 0.108172 0.045981 0.104641 0.045981 0.092906 0.072313 0.103469 0.098622 0.101125 0.158294
3 0.508578 0.396566 0.511125 0.386659 0.510094 0.381331 0.503984 0.373716 0.495828 0.384369 0.495828 0.353878 0.491750 0.345514 0.477984 0.342453 0.472891 0.344744 0.471359 0.352359 0.471359 0.372944 0.469844 0.380561 0.463203 0.391239 0.458625 0.395794 0.453531 0.399627 0.451484 0.407244 0.453531 0.422477 0.453016 0.424766 0.510609 0.417150 0.510609 0.414089 0.506016 0.401892 0.508578 0.396566
3 0.849094 0.761798 0.847578 0.802244 0.895672 0.826962 0.919719 0.817967 0.919719 0.806752 0.882156 0.752803 0.874641 0.678645 0.868625 0.615725 0.829547 0.523598 0.793484 0.422477 0.816031 0.391005 0.817531 0.314603 0.807016 0.260678 0.787469 0.224720 0.787469 0.173038 0.778453 0.148317 0.754406 0.130327 0.731875 0.137080 0.712328 0.173038 0.713828 0.231472 0.679266 0.249439 0.700313 0.301122 0.674766 0.314603 0.664234 0.274159 0.661234 0.269673 0.635687 0.310117 0.619156 0.382033 0.620656 0.417967 0.643203 0.404486 0.658234 0.391005 0.676266 0.391005 0.664234 0.426962 0.676266 0.462920 0.677766 0.608995 0.664234 0.653925 0.637188 0.719113 0.577078 0.817967 0.592109 0.849439 0.629672 0.840444 0.628172 0.808995 0.632688 0.764042 0.698813 0.683155 0.748406 0.539322 0.751406 0.537080 0.781453 0.573038 0.835562 0.656169 0.843078 0.696636 0.849094 0.761798
3 0.933344 0.283341 0.943266 0.279042 0.946141 0.277127 0.949344 0.278084 0.959266 0.291963 0.965984 0.314439 0.968547 0.331683 0.976859 0.333575 0.980703 0.325934 0.973016 0.289580 0.979109 0.298669 0.983266 0.310631 0.987734 0.311098 0.998297 0.300094 0.997984 0.290047 0.992547 0.290514 0.982625 0.283831 0.973344 0.265655 0.959578 0.227359 0.956063 0.216355 0.949984 0.211098 0.948063 0.209673 0.940703 0.209673 0.938141 0.224509 0.934313 0.232150 0.930156 0.235981 0.927594 0.236472 0.925031 0.234066 0.922797 0.224509 0.908391 0.214463 0.916063 0.207756 0.915438 0.199136 0.915438 0.187173 0.912234 0.180000 0.908719 0.176169 0.901984 0.181916 0.897516 0.190537 0.892391 0.205841 0.886000 0.227359 0.884078 0.253692 0.885359 0.250327 0.894000 0.253202 0.905516 0.258458 0.921187 0.279042 0.933344 0.283341
3 0.807656 0.261355 0.809828 0.280303 0.817250 0.271986 0.822828 0.250702 0.817250 0.232197 0.809516 0.212289 0.813234 0.189159 0.808281 0.175748 0.801469 0.174812 0.795594 0.181308 0.793734 0.194720 0.796219 0.206284 0.788172 0.208131 0.788172 0.208598 0.787547 0.219230 0.790641 0.228505 0.798063 0.243294 0.807656 0.261355
3 0.107500 0.665514 0.101578 0.677336 0.100578 0.712756 0.088734 0.736378 0.079859 0.796892 0.079859 0.816075 0.073938 0.830817 0.068016 0.875117 0.069000 0.881005 0.093672 0.886916 0.093672 0.889859 0.091703 0.900211 0.097625 0.910537 0.105516 0.910537 0.196328 0.909066 0.198297 0.897244 0.196328 0.876589 0.176594 0.865327 0.168687 0.865327 0.162766 0.859416 0.154875 0.840234 0.184484 0.834322 0.188437 0.776775 0.198297 0.708878 0.198094 0.654906 0.205281 0.657594 0.207687 0.653995 0.207078 0.641448 0.206484 0.632500 0.203484 0.621752 0.199891 0.613692 0.194500 0.609206 0.186109 0.605608 0.180719 0.596659 0.169328 0.564392 0.163938 0.549159 0.164547 0.545584 0.177125 0.528552 0.195094 0.502570 0.206453 0.477991 0.218422 0.471284 0.224406 0.455631 0.218422 0.435491 0.224406 0.424298 0.242359 0.424298 0.255828 0.431028 0.267797 0.397453 0.270797 0.350491 0.278266 0.321402 0.266297 0.299042 0.233391 0.283364 0.198984 0.290094 0.184016 0.332594 0.179531 0.368387 0.161578 0.384042 0.101734 0.426542 0.047875 0.477991 0.016453 0.504836 0.011969 0.569720 0.017953 0.645794 0.020625 0.650770 0.023594 0.653716 0.030500 0.640420 0.062094 0.644859 0.107500 0.665514
3 0.998141 0.136378 0.997031 0.134720 0.984219 0.138061 0.976969 0.148878 0.972516 0.181378 0.956906 0.210561 0.963594 0.221378 0.981984 0.274720 0.997031 0.284720 1.000000 0.277220 0.998141 0.136378
3 0.399844 0.226472 0.409320 0.219755 0.412812 0.220128 0.409328 0.230934 0.413312 0.236169 0.416797 0.259275 0.434266 0.283155 0.462703 0.305538 0.475672 0.306261 0.484141 0.303294 0.488141 0.293598 0.499609 0.273458 0.504094 0.274206 0.523047 0.285397 0.548000 0.293598 0.545500 0.276425 0.505094 0.248831 0.484641 0.236892 0.474172 0.234673 0.469187 0.227944 0.458703 0.218995 0.455719 0.210047 0.448734 0.201845 0.445234 0.176495 0.441250 0.163061 0.437750 0.161566 0.431766 0.162312 0.427281 0.168270 0.419297 0.202594 0.412312 0.204089 0.409328 0.207803 0.405328 0.203341 0.391859 0.219744 0.399844 0.226472
3 0.085938 0.000000 0.082812 0.009345 0.084375 0.039720 0.070312 0.042056 0.064062 0.046730 0.054688 0.063084 0.050000 0.079439 0.023438 0.119159 0.018750 0.133178 0.020313 0.163552 0.029687 0.179906 0.035937 0.200934 0.042188 0.210280 0.056250 0.217289 0.070312 0.233645 0.030509 0.352681 0.035937 0.357477 0.026892 0.363502 0.012500 0.383178 0.003125 0.413552 0.001563 0.422897 0.005181 0.428431 0.001563 0.439252 0.001563 0.450934 0.007812 0.488317 0.017188 0.504673 0.051562 0.476636 0.098437 0.429906 0.159375 0.387850 0.178125 0.371495 0.182812 0.343458 0.190364 0.346786 0.265886 0.316341 0.270313 0.308411 0.276562 0.320094 0.276562 0.334112 0.295312 0.331775 0.301563 0.327103 0.310937 0.329439 0.312500 0.317756 0.303125 0.308411 0.303645 0.301119 0.364063 0.276762 0.368750 0.275702 0.370312 0.285047 0.365625 0.315420 0.367188 0.324766 0.378125 0.324766 0.390625 0.345794 0.396875 0.350467 0.406250 0.350467 0.423438 0.357477 0.457813 0.355141 0.465625 0.345794 0.470313 0.334112 0.471875 0.310748 0.487500 0.299066 0.490625 0.299066 0.492188 0.308411 0.496875 0.315420 0.501563 0.315420 0.514062 0.324766 0.525000 0.320094 0.559375 0.317756 0.567187 0.313084 0.584375 0.315420 0.600000 0.310748 0.606250 0.306075 0.614062 0.289720 0.623437 0.282711 0.635938 0.282711 0.642188 0.275702 0.654687 0.275702 0.659375 0.271028 0.675000 0.268692 0.679688 0.264019 0.681250 0.250000 0.687500 0.245327 0.692187 0.231308 0.700000 0.224298 0.712500 0.224298 0.712500 0.172897 0.726562 0.147197 0.732812 0.137850 0.753125 0.130841 0.776563 0.147197 0.782813 0.161216 0.787500 0.163552 0.787500 0.212494 0.789062 0.207944 0.795312 0.207944 0.795312 0.203270 0.810937 0.205608 0.812500 0.221963 0.821875 0.226636 0.831250 0.221963 0.840625 0.226636 0.853125 0.221963 0.862500 0.226636 0.871875 0.224298 0.879687 0.245327 0.885938 0.254673 0.912500 0.271028 0.907813 0.261683 0.925000 0.235981 0.929688 0.238317 0.934375 0.233645 0.940625 0.210280 0.948438 0.210280 0.951562 0.212617 0.950284 0.216866 0.956250 0.217289 0.967187 0.250000 0.970313 0.242991 0.957812 0.210280 0.965886 0.205608 0.962500 0.200934 0.965625 0.196261 0.972395 0.196261 0.967187 0.191589 0.971875 0.184580 0.978906 0.186916 0.998437 0.158878 0.997656 0.147197 0.993750 0.137850 0.996875 0.135514 0.975781 0.030161 0.998437 0.021028 0.990625 0.000000 0.953125 0.000000 0.943750 0.021028 0.931250 0.023364 0.879687 0.021028 0.876563 0.016355 0.873437 0.000000 0.685937 0.000000 0.678125 0.011683 0.662500 0.011683 0.659375 0.000000 0.540625 0.000000 0.506250 0.004673 0.382812 0.000000 0.085938 0.000000