3 0.950613 1.000000 0.918564 0.967672 0.892777 0.946391 0.867694 0.942219 0.819623 0.942219 0.795930 0.941297 0.782683 0.923250 0.778517 0.900578 0.774330 0.885313 0.757600 0.865875 0.727647 0.835344 0.686541 0.813594 0.641247 0.809891 0.587600 0.824703 0.570870 0.840891 0.564612 0.867266 0.575059 0.895484 0.582023 0.907984 0.586894 0.911219 0.587600 0.917234 0.603623 0.932969 0.620353 0.943609 0.622447 0.954250 0.622447 0.962125 0.609906 0.968141 0.568094 0.975531 0.553459 0.989875 0.533953 1.000000 0.934587 1.000000 0.950613 1.000000
3 0.893764 0.830547 0.869741 0.827359 0.853741 0.783766 0.810517 0.746563 0.724070 0.743375 0.684070 0.768891 0.677670 0.794406 0.682470 0.809281 0.719270 0.835859 0.764094 0.875188 0.778517 0.872000 0.791317 0.875188 0.800917 0.884750 0.781717 0.903891 0.784917 0.923016 0.802517 0.945344 0.900164 0.946406 0.956188 1.000000 0.994613 0.998500 1.000000 0.844359 0.973788 0.829484 0.962588 0.826297 0.959388 0.826297 0.932188 0.825234 0.906564 0.829484 0.893764 0.830547
3 0.793694 0.701578 0.742188 0.697703 0.707200 0.682219 0.672212 0.658984 0.602941 0.636859 0.555317 0.633641 0.524212 0.649125 0.501859 0.665250 0.496047 0.678813 0.493130 0.700109 0.475623 0.718172 0.508683 0.736250 0.552400 0.747859 0.582517 0.760125 0.565036 0.777078 0.574753 0.803547 0.592259 0.815813 0.581553 0.822266 0.550470 0.820969 0.551436 0.824188 0.564070 0.831938 0.582517 0.828063 0.616541 0.816453 0.643741 0.810000 0.684564 0.810641 0.673883 0.789344 0.682636 0.768047 0.722470 0.743531 0.794377 0.744812 0.813813 0.748688 0.859483 0.787406 0.870187 0.826125 0.891553 0.828719 0.933341 0.824188 0.977083 0.828063 0.997483 0.843562 0.995553 0.830000 0.998730 0.830000 0.958894 0.795156 0.916141 0.768047 0.903506 0.757719 0.886000 0.735781 0.830612 0.708031 0.793694 0.701578
3 0.789530 0.702609 0.810423 0.705125 0.833200 0.713953 0.859788 0.725313 0.856000 0.703875 0.852187 0.668562 0.823717 0.652172 0.785741 0.640828 0.736377 0.640828 0.702187 0.649656 0.700283 0.676125 0.709788 0.691266 0.719270 0.703875 0.738259 0.707656 0.762941 0.702609 0.789530 0.702609
3 0.743341 0.641375 0.822753 0.648906 0.851106 0.670250 0.851106 0.714187 0.885130 0.740547 0.924823 0.776953 0.970187 0.803328 0.958847 0.789516 0.968306 0.761891 0.953177 0.725484 0.907813 0.679047 0.877577 0.618781 0.851106 0.578609 0.817083 0.547219 0.781153 0.525891 0.716870 0.494500 0.714987 0.486969 0.703647 0.449313 0.665836 0.426703 0.645036 0.410391 0.594000 0.409141 0.556187 0.424203 0.554306 0.471906 0.582659 0.519609 0.616683 0.540953 0.597788 0.554750 0.605341 0.592422 0.605341 0.640125 0.612894 0.637609 0.671506 0.653937 0.703647 0.682813 0.707436 0.647656 0.743341 0.641375
3 0.758070 0.512922 0.805364 0.541844 0.847670 0.573250 0.885012 0.618703 0.898706 0.618703 0.906164 0.571594 0.901177 0.522844 0.886259 0.498875 0.873812 0.490609 0.855130 0.482344 0.827764 0.478219 0.815317 0.472422 0.811577 0.458375 0.821530 0.448469 0.822777 0.438547 0.824023 0.419547 0.816564 0.386484 0.805364 0.374922 0.795413 0.369125 0.780470 0.365000 0.756823 0.365828 0.740659 0.367484 0.715764 0.375750 0.704564 0.391437 0.700823 0.412922 0.704564 0.441859 0.705813 0.455906 0.699577 0.469125 0.704564 0.491437 0.720730 0.501359 0.758070 0.512922
3 0.963247 0.452813 0.942447 0.383719 0.886423 0.331641 0.854400 0.305063 0.828800 0.260422 0.782377 0.247656 0.737553 0.252969 0.716753 0.263609 0.697530 0.286984 0.713553 0.322078 0.731153 0.345453 0.742353 0.355016 0.756753 0.362469 0.790377 0.368844 0.824000 0.387969 0.824000 0.437937 0.816000 0.466641 0.836800 0.477266 0.891223 0.498531 0.892823 0.616516 0.886423 0.628203 0.912023 0.651594 0.915247 0.630344 0.918447 0.605891 0.936047 0.563375 0.960047 0.487891 0.963247 0.452813
3 0.411741 0.508094 0.407930 0.500500 0.369787 0.470109 0.365977 0.442266 0.335483 0.444797 0.274494 0.475172 0.274494 0.449859 0.236377 0.389094 0.259247 0.348594 0.255436 0.287828 0.221106 0.272641 0.171553 0.272641 0.102941 0.310625 0.106753 0.396687 0.087694 0.457453 0.076259 0.503031 0.038117 0.563781 0.038117 0.586562 0.049553 0.604297 0.087694 0.642266 0.114377 0.703031 0.099130 0.773906 0.129623 0.839734 0.221106 0.627078 0.228753 0.611891 0.213483 0.576438 0.240187 0.538469 0.365977 0.515688 0.411741 0.508094
3 0.842613 0.166297 0.842613 0.112359 0.815553 0.076406 0.798636 0.002250 0.693717 0.002250 0.663270 0.008984 0.629436 0.049438 0.615883 0.062922 0.626047 0.101125 0.629436 0.146063 0.659883 0.186516 0.670023 0.224719 0.700494 0.168547 0.795247 0.177531 0.808777 0.193266 0.839223 0.202250 0.842613 0.166297
3 0.832894 0.258516 0.835859 0.271234 0.850587 0.299594 0.869717 0.317203 0.927177 0.375891 0.934541 0.315250 0.900659 0.281016 0.877083 0.264391 0.846164 0.246781 0.849106 0.227219 0.822588 0.232109 0.824070 0.224281 0.812283 0.190047 0.788706 0.177328 0.703294 0.172437 0.675294 0.215484 0.679717 0.225266 0.687083 0.239937 0.676777 0.244828 0.684141 0.255578 0.704753 0.257531 0.713600 0.263406 0.716541 0.262422 0.729788 0.255578 0.773977 0.245797 0.807859 0.252641 0.832894 0.258516
3 0.944613 0.194469 0.969177 0.195734 0.955953 0.207031 0.942706 0.213297 0.978636 0.229625 1.000000 0.214562 0.999436 0.053875 0.963506 0.068937 0.895459 0.096547 0.861436 0.124172 0.944613 0.194469
3 0.636188 0.170781 0.619270 0.134828 0.568517 0.130344 0.521130 0.152812 0.521130 0.202250 0.504213 0.220219 0.504213 0.339328 0.615883 0.395500 0.656494 0.375281 0.666659 0.289891 0.670023 0.265172 0.653106 0.247187 0.636188 0.208984 0.636188 0.170781
3 0.704259 0.286562 0.707388 0.274078 0.707388 0.261594 0.699553 0.251188 0.693294 0.235578 0.682330 0.216859 0.669787 0.202297 0.643153 0.200203 0.646306 0.226219 0.660400 0.247031 0.669787 0.273031 0.660400 0.293844 0.657270 0.322969 0.650988 0.361469 0.649436 0.391641 0.665106 0.410359 0.668236 0.398922 0.708964 0.376031 0.715223 0.354187 0.719930 0.344813 0.723059 0.333375 0.712094 0.299047 0.704259 0.286562