3 0.478812 0.337172 0.490667 0.378672 0.538125 0.381641 0.546020 0.389062 0.536145 0.405359 0.532188 0.429078 0.480792 0.457250 0.431375 0.478016 0.393813 0.455766 0.344395 0.454297 0.372063 0.491359 0.403688 0.521000 0.443230 0.509141 0.490667 0.482453 0.528230 0.461703 0.532188 0.488391 0.559855 0.521000 0.579625 0.575859 0.601375 0.593656 0.648813 0.590688 0.633000 0.541766 0.615208 0.488391 0.680438 0.427609 0.686375 0.362375 0.692312 0.328266 0.759520 0.365328 0.812895 0.351984 0.822770 0.331234 0.765437 0.329750 0.696250 0.304547 0.638938 0.266000 0.585562 0.234859 0.593458 0.190391 0.532188 0.168156 0.482770 0.174078 0.488687 0.200766 0.488687 0.258594 0.488687 0.279344 0.478812 0.337172
3 0.364167 0.127031 0.351417 0.131281 0.351417 0.145094 0.352833 0.156797 0.362750 0.163172 0.371270 0.168484 0.371270 0.191875 0.369855 0.207813 0.342917 0.219500 0.347167 0.232266 0.328750 0.246078 0.351417 0.246078 0.374105 0.235453 0.378355 0.253516 0.375520 0.282219 0.378355 0.298172 0.415208 0.268406 0.440708 0.241828 0.437875 0.194000 0.420875 0.158922 0.412355 0.151469 0.398188 0.141906 0.385437 0.129156 0.364167 0.127031
3 0.237562 0.365625 0.252417 0.365625 0.252417 0.330000 0.240542 0.318859 0.216770 0.309953 0.172230 0.312172 0.148480 0.314406 0.136605 0.318859 0.136605 0.330000 0.133625 0.332219 0.142542 0.343359 0.169270 0.350031 0.169270 0.365625 0.237562 0.365625
3 0.336708 0.323937 0.353958 0.344531 0.364812 0.323937 0.359687 0.299516 0.350770 0.268391 0.330980 0.254984 0.327770 0.235344 0.309895 0.231984 0.293938 0.239656 0.292020 0.243969 0.295855 0.255938 0.302875 0.262156 0.313730 0.263594 0.313730 0.282750 0.315000 0.308609 0.293292 0.349313 0.297125 0.349313 0.285625 0.352187 0.282438 0.358891 0.315645 0.360812 0.336708 0.323937
3 0.635667 0.112109 0.616375 0.112109 0.602583 0.118313 0.599812 0.134859 0.577770 0.143125 0.563980 0.170000 0.583270 0.196891 0.621875 0.240313 0.638417 0.227906 0.638417 0.194812 0.627395 0.153469 0.641188 0.136922 0.635667 0.112109
3 0.911520 0.304969 0.912458 0.312375 0.907355 0.318937 0.921208 0.334781 0.933583 0.340797 0.935042 0.347359 0.931395 0.357734 0.943062 0.370844 0.962730 0.370844 0.959083 0.346266 0.953980 0.333141 0.954708 0.329859 0.976562 0.304187 0.972937 0.295984 0.973677 0.288305 0.967770 0.288344 0.961730 0.279984 0.973542 0.279906 0.974250 0.265281 0.973270 0.263109 0.964995 0.259152 0.969187 0.253922 0.965105 0.244734 0.969917 0.236437 0.968480 0.225984 0.965105 0.219500 0.958855 0.216609 0.947813 0.216969 0.940105 0.222375 0.931938 0.231031 0.932417 0.237156 0.955739 0.253023 0.935688 0.267094 0.934875 0.270719 0.921980 0.277578 0.909645 0.279594 0.895937 0.279594 0.889500 0.285625 0.891105 0.292875 0.887355 0.293281 0.884667 0.295297 0.886542 0.304766 0.894063 0.305969 0.911520 0.304969
3 0.657167 0.277062 0.664050 0.283147 0.670792 0.285062 0.670933 0.289231 0.680281 0.289289 0.677817 0.295316 0.698467 0.313569 0.696688 0.322375 0.686333 0.321078 0.674270 0.327547 0.667375 0.400641 0.662188 0.417453 0.651855 0.429750 0.632875 0.440094 0.614770 0.469844 0.603542 0.483437 0.594062 0.489250 0.594062 0.497656 0.621372 0.538086 0.627409 0.536902 0.626833 0.546172 0.678006 0.526761 0.692375 0.561688 0.694105 0.562984 0.713083 0.562984 0.752750 0.559109 0.753605 0.555875 0.732917 0.544875 0.726875 0.537766 0.711355 0.471781 0.709625 0.436219 0.712208 0.428453 0.726000 0.420687 0.733770 0.414219 0.730312 0.398047 0.733770 0.382531 0.726000 0.337906 0.705350 0.319653 0.728333 0.309969 0.718692 0.305856 0.731292 0.297516 0.721812 0.280172 0.699855 0.266375 0.706980 0.245031 0.709355 0.230344 0.702230 0.215672 0.679688 0.197875 0.663687 0.190750 0.639375 0.191641 0.629292 0.200547 0.625125 0.213891 0.624542 0.232125 0.631062 0.248578 0.639375 0.256141 0.641145 0.261484 0.636395 0.263703 0.657167 0.277062
3 0.758417 0.324625 0.782020 0.321859 0.798980 0.327953 0.779062 0.351734 0.782020 0.358375 0.773167 0.357266 0.771687 0.366125 0.792355 0.367781 0.805620 0.326509 0.811520 0.324625 0.808570 0.317544 0.811895 0.316055 0.812270 0.307484 0.802667 0.303609 0.810258 0.299336 0.808244 0.291186 0.798244 0.285167 0.807833 0.281758 0.826270 0.283687 0.817052 0.277328 0.832917 0.273734 0.809313 0.251594 0.800191 0.258589 0.798178 0.250441 0.794562 0.247172 0.796164 0.242291 0.793083 0.240531 0.794152 0.234142 0.790125 0.217844 0.776855 0.214531 0.764313 0.218406 0.761355 0.227250 0.759145 0.227813 0.760125 0.235364 0.757667 0.251594 0.788653 0.277786 0.779433 0.285352 0.771687 0.279266 0.765792 0.294750 0.755458 0.313563 0.758417 0.324625
3 0.194020 0.233375 0.194980 0.239750 0.186458 0.241891 0.177958 0.246844 0.176063 0.251094 0.171333 0.278047 0.171333 0.295766 0.168500 0.317047 0.214833 0.312797 0.212938 0.309250 0.217667 0.287969 0.225230 0.278047 0.229000 0.263859 0.223333 0.248266 0.211042 0.242594 0.215770 0.239047 0.220500 0.229828 0.217667 0.219906 0.200645 0.213516 0.201583 0.214234 0.193083 0.223453 0.189292 0.228406 0.189292 0.233375 0.194020 0.233375
3 0.145145 0.241516 0.135480 0.246500 0.135480 0.251484 0.139708 0.263703 0.145730 0.283188 0.151167 0.291781 0.150562 0.292687 0.159625 0.290422 0.162042 0.294047 0.167480 0.307641 0.169895 0.315328 0.174730 0.313969 0.173520 0.295406 0.174730 0.285891 0.174730 0.279562 0.171105 0.273219 0.169292 0.267781 0.171105 0.262344 0.173520 0.252844 0.172313 0.245141 0.163855 0.241063 0.160230 0.238344 0.163855 0.236531 0.167480 0.232016 0.167480 0.227484 0.165063 0.222500 0.162645 0.216609 0.158417 0.215703 0.162042 0.219781 0.154188 0.216609 0.145730 0.218422 0.144542 0.229297 0.149958 0.235172 0.149958 0.238797 0.145145 0.241516
3 0.448480 0.234250 0.487625 0.214094 0.482917 0.195687 0.473000 0.187906 0.459792 0.187906 0.447063 0.205250 0.446125 0.226828 0.448480 0.234250
3 0.000000 0.328766 0.001563 0.328766 0.006313 0.329594 0.007770 0.331781 0.006313 0.338922 0.009230 0.355922 0.011062 0.359203 0.019833 0.360578 0.026770 0.357563 0.023125 0.354281 0.026417 0.344844 0.025938 0.342391 0.025480 0.337812 0.027355 0.332531 0.026417 0.327250 0.025480 0.313875 0.025000 0.301563 0.025000 0.295578 0.028750 0.292063 0.034855 0.287484 0.037667 0.285719 0.038145 0.278688 0.039083 0.274469 0.035333 0.268125 0.031583 0.262844 0.026417 0.254750 0.018438 0.249125 0.017500 0.245609 0.016563 0.240328 0.017020 0.233281 0.015625 0.226609 0.015625 0.221672 0.012812 0.218516 0.005770 0.215344 0.000000 0.216391 0.000000 0.328766