3 0.517372 0.611100 0.542286 0.600800 0.566058 0.611900 0.551342 0.654320 0.523028 0.714559 0.534372 0.728820 0.553628 0.739120 0.571742 0.756559 0.620428 0.827120 0.627228 0.826320 0.647600 0.822359 0.649858 0.829480 0.603428 0.846920 0.601172 0.856441 0.612486 0.866741 0.640800 0.872280 0.722342 0.851680 0.704200 0.819180 0.678172 0.796200 0.694028 0.771620 0.687228 0.758159 0.673628 0.746259 0.620428 0.722859 0.632886 0.700659 0.651000 0.693541 0.669114 0.671341 0.713258 0.628541 0.715542 0.559741 0.706486 0.532000 0.716658 0.526459 0.720058 0.508220 0.731400 0.506641 0.720058 0.479280 0.687342 0.453641 0.654400 0.486400 0.641942 0.503841 0.638542 0.518900 0.644200 0.524459 0.644200 0.530000 0.613628 0.541100 0.578514 0.590241 0.534372 0.575441 0.495858 0.577800 0.487942 0.583359 0.495858 0.605559 0.517372 0.611100
3 0.858600 0.557841 0.861172 0.559620 0.850914 0.623241 0.877800 0.621459 0.880372 0.560520 0.875228 0.508559 0.853486 0.496000 0.858600 0.482559 0.838114 0.477200 0.835542 0.487941 0.839400 0.499600 0.831714 0.502280 0.827886 0.521100 0.835542 0.551559 0.811228 0.608020 0.792028 0.616980 0.797142 0.619659 0.815086 0.621459 0.829142 0.616980 0.850914 0.565900 0.858600 0.557841
3 0.221342 0.483541 0.234258 0.479680 0.230572 0.531941 0.241628 0.545500 0.256067 0.554959 0.238400 0.560020 0.235172 0.574541 0.228714 0.588741 0.249914 0.576480 0.256372 0.587441 0.271114 0.590020 0.257064 0.576630 0.252991 0.565720 0.257758 0.565820 0.272058 0.571300 0.272058 0.550659 0.258450 0.555009 0.259142 0.544200 0.277572 0.537100 0.286800 0.530000 0.279428 0.499041 0.268372 0.490000 0.272058 0.479020 0.265600 0.472580 0.251772 0.473859 0.255275 0.463672 0.244948 0.454764 0.231800 0.459453 0.230572 0.449341 0.234623 0.445856 0.223200 0.448700 0.224297 0.436948 0.213972 0.428041 0.200142 0.433200 0.201058 0.445459 0.187228 0.457080 0.187228 0.464820 0.198286 0.477100 0.206600 0.481600 0.221342 0.483541
3 0.287428 0.474300 0.291828 0.469800 0.295058 0.467841 0.298258 0.469800 0.305886 0.470920 0.307086 0.475420 0.307886 0.475700 0.309486 0.475141 0.311086 0.473741 0.316714 0.472620 0.319514 0.472620 0.321114 0.473741 0.323142 0.474859 0.324742 0.475700 0.323542 0.481041 0.323942 0.483280 0.323142 0.486941 0.326742 0.488620 0.330772 0.488620 0.332372 0.488620 0.329942 0.474300 0.329142 0.467000 0.309886 0.454641 0.311086 0.452380 0.310286 0.448180 0.310286 0.443680 0.303458 0.440020 0.296658 0.439741 0.293428 0.439741 0.287028 0.444241 0.287428 0.449020 0.286628 0.453520 0.285828 0.456600 0.285400 0.457159 0.277000 0.460259 0.270172 0.463620 0.269372 0.467280 0.268572 0.471759 0.266542 0.474859 0.273772 0.490580 0.287428 0.491441 0.289028 0.488900 0.289028 0.483841 0.285828 0.481880 0.287428 0.477100 0.287428 0.474300
3 0.159514 0.485580 0.162086 0.487959 0.164628 0.498659 0.192600 0.496880 0.194314 0.495680 0.198542 0.495080 0.201086 0.492120 0.195172 0.480841 0.186686 0.469559 0.184142 0.461241 0.188372 0.452920 0.190914 0.443420 0.189228 0.435120 0.187514 0.431541 0.168000 0.429759 0.160372 0.439259 0.163772 0.446980 0.149342 0.461241 0.148486 0.461241 0.145114 0.465400 0.135772 0.479641 0.153600 0.481441 0.159514 0.485580
3 0.178942 0.589700 0.172858 0.579900 0.166142 0.554780 0.167972 0.526259 0.164342 0.503259 0.158258 0.498580 0.160086 0.493459 0.161886 0.484520 0.150942 0.481541 0.141228 0.486241 0.143658 0.496441 0.130886 0.498159 0.126628 0.511359 0.140600 0.539880 0.135142 0.552641 0.133314 0.585859 0.137572 0.590541 0.153372 0.590959 0.152172 0.590541 0.155200 0.584580 0.160086 0.588841 0.165542 0.590959 0.178942 0.589700
3 0.104686 0.502241 0.111858 0.503241 0.117572 0.505259 0.127628 0.504259 0.134058 0.498741 0.138372 0.493720 0.138372 0.491700 0.139800 0.487200 0.135486 0.481180 0.139086 0.474141 0.141228 0.467620 0.139086 0.464620 0.138372 0.464620 0.136228 0.457600 0.134058 0.451080 0.134058 0.448559 0.129772 0.440041 0.123314 0.437020 0.116142 0.437020 0.112572 0.438020 0.111858 0.440541 0.111142 0.445559 0.110428 0.450580 0.109686 0.453080 0.109686 0.456600 0.108258 0.460100 0.104686 0.462100 0.101828 0.463120 0.098942 0.466120 0.097514 0.467120 0.096086 0.467620 0.095372 0.471141 0.094658 0.472641 0.095372 0.473641 0.099658 0.484180 0.098942 0.489200 0.099658 0.494720 0.104686 0.502241
3 0.501742 0.444759 0.493428 0.449920 0.492514 0.453780 0.499886 0.460880 0.507258 0.467341 0.514628 0.471220 0.518314 0.477020 0.525714 0.482180 0.520172 0.466041 0.514628 0.462180 0.515572 0.455720 0.517400 0.450559 0.516486 0.446041 0.501742 0.444759
3 0.297742 0.582900 0.323372 0.587941 0.317114 0.576780 0.316800 0.495141 0.311486 0.492080 0.301172 0.470620 0.291800 0.470180 0.288058 0.476759 0.302428 0.485720 0.284600 0.492941 0.283972 0.514180 0.286800 0.525341 0.285622 0.561941 0.295228 0.569759 0.285228 0.574141 0.297742 0.582900
3 0.072600 0.494841 0.087028 0.473580 0.090628 0.463841 0.090628 0.457720 0.092172 0.438959 0.075172 0.431041 0.072600 0.494841
3 0.087828 0.590920 0.096714 0.592259 0.096714 0.554900 0.101172 0.551780 0.101800 0.546000 0.098628 0.538880 0.098314 0.523980 0.082742 0.509959 0.091000 0.505959 0.098000 0.509080 0.108800 0.505959 0.097372 0.500620 0.098628 0.490400 0.097372 0.481059 0.094172 0.476159 0.088458 0.474820 0.080200 0.477500 0.080200 0.495741 0.073858 0.500180 0.072572 0.509520 0.073209 0.569573 0.093542 0.567130 0.090372 0.579359 0.074477 0.581586 0.075742 0.593600 0.087828 0.590920
3 0.618972 0.505841 0.618972 0.486480 0.613458 0.480680 0.614372 0.474220 0.609742 0.468420 0.600542 0.467120 0.583942 0.476159 0.592228 0.481320 0.589486 0.488420 0.583028 0.499400 0.574714 0.508420 0.587628 0.511000 0.585800 0.547141 0.591314 0.547141 0.594086 0.534241 0.615286 0.535541 0.617142 0.529080 0.618972 0.505841
3 0.412828 0.553741 0.414228 0.541920 0.421258 0.525680 0.422658 0.527659 0.426172 0.534059 0.429686 0.541920 0.431114 0.559641 0.430400 0.565541 0.430400 0.570959 0.433914 0.574900 0.438828 0.575400 0.443058 0.574400 0.440942 0.568000 0.441658 0.564080 0.442342 0.558659 0.442342 0.552259 0.441658 0.546841 0.440228 0.538480 0.441658 0.529620 0.442342 0.517320 0.441658 0.512400 0.441658 0.502559 0.439542 0.498620 0.427600 0.487800 0.423372 0.497141 0.423372 0.505020 0.421972 0.512900 0.418458 0.522241 0.417742 0.525200 0.414942 0.529620 0.407914 0.531600 0.403686 0.540941 0.400886 0.551280 0.399458 0.558159 0.398772 0.567020 0.403686 0.571941 0.408600 0.570480 0.414942 0.567520 0.414942 0.562600 0.412828 0.553741
3 0.168572 0.553200 0.168572 0.564000 0.174286 0.584000 0.180000 0.590000 0.200000 0.590000 0.211428 0.598000 0.228572 0.598000 0.237142 0.590000 0.254286 0.584000 0.257142 0.592000 0.260000 0.590000 0.274286 0.592000 0.271428 0.584000 0.282858 0.584000 0.317142 0.578000 0.322858 0.586000 0.362858 0.584000 0.371428 0.576000 0.368572 0.538000 0.374286 0.532000 0.374286 0.520000 0.365714 0.504000 0.365714 0.484000 0.374286 0.484000 0.385714 0.476000 0.442858 0.502000 0.453714 0.493600 0.460000 0.502000 0.485714 0.524000 0.467142 0.529000 0.442858 0.530000 0.448572 0.534000 0.448572 0.566000 0.457142 0.572000 0.474286 0.572000 0.537142 0.504000 0.557142 0.504000 0.565714 0.496000 0.565714 0.476000 0.617142 0.485200 0.617142 0.530000 0.608572 0.536000 0.611428 0.542000 0.642858 0.532000 0.642858 0.504000 0.660000 0.482667 0.717142 0.478000 0.725714 0.484000 0.742858 0.484000 0.751428 0.476000 0.768572 0.488000 0.785306 0.480858 0.788572 0.488000 0.797142 0.492000 0.885714 0.598000 0.891428 0.608000 0.880000 0.614000 0.877142 0.638000 0.900000 0.658000 0.917142 0.658000 0.925714 0.650000 0.928572 0.624000 0.937142 0.614000 0.934286 0.588000 0.942858 0.578000 0.942858 0.570000 0.934286 0.562000 0.914286 0.562000 0.900000 0.576000 0.894286 0.576000 0.885714 0.582000 0.802041 0.497714 0.820000 0.492000 0.825714 0.488000 0.828572 0.476000 0.820000 0.468000 0.808572 0.464000 0.788572 0.464000 0.776939 0.472428 0.768572 0.464000 0.754286 0.462667 0.751428 0.468000 0.742858 0.460000 0.740000 0.461333 0.725714 0.460000 0.717142 0.466000 0.710205 0.462000 0.679184 0.466000 0.668572 0.472000 0.663673 0.468000 0.648162 0.470000 0.644286 0.468000 0.632653 0.472000 0.625714 0.468000 0.617142 0.474000 0.572381 0.466000 0.565714 0.466000 0.557461 0.463333 0.554286 0.456000 0.542539 0.460667 0.537142 0.456000 0.535238 0.459333 0.527619 0.458000 0.508572 0.444000 0.517142 0.452000 0.500000 0.462000 0.497778 0.452667 0.491428 0.444000 0.482858 0.450000 0.397142 0.450000 0.388572 0.446000 0.382858 0.450000 0.371428 0.446000 0.368572 0.450000 0.360000 0.453000 0.354286 0.450000 0.340000 0.450000 0.331428 0.459000 0.325714 0.450000 0.311428 0.450000 0.294286 0.438000 0.288572 0.449000 0.274286 0.436000 0.251428 0.454000 0.252858 0.462000 0.237142 0.459000 0.238214 0.465000 0.222858 0.464000 0.223572 0.468000 0.208572 0.469000 0.208928 0.471000 0.194286 0.474000 0.126939 0.501142 0.125714 0.510000 0.113469 0.506572 0.100000 0.512000 0.100000 0.542000 0.091428 0.578000 0.122858 0.580000 0.131428 0.576000 0.138095 0.550000 0.168572 0.553200