3 0.280281 0.699833 0.279016 0.702645 0.279859 0.704605 0.279438 0.708250 0.279016 0.710500 0.282813 0.711355 0.285547 0.711355 0.285125 0.706855 0.284062 0.697313 0.281750 0.691958 0.280906 0.695333 0.280281 0.699833
3 0.274953 0.706687 0.275000 0.708937 0.274391 0.709500 0.273969 0.709688 0.273156 0.710042 0.272656 0.711875 0.272359 0.713875 0.272359 0.715605 0.272656 0.718792 0.272656 0.719855 0.271969 0.720792 0.271359 0.721980 0.271859 0.722770 0.272953 0.723042 0.273953 0.721855 0.274156 0.717730 0.274453 0.714542 0.274859 0.713875 0.276641 0.713605 0.277938 0.713208 0.278047 0.708688 0.278547 0.703375 0.277141 0.701645 0.277141 0.700855 0.277047 0.698583 0.276453 0.697520 0.274750 0.697937 0.274750 0.700270 0.274594 0.701355 0.274641 0.702605 0.274797 0.704645 0.274953 0.706687
3 0.253641 0.711313 0.256922 0.710750 0.261313 0.709833 0.263422 0.699605 0.259797 0.697917 0.259547 0.695770 0.256422 0.694542 0.255578 0.696688 0.256000 0.700500 0.254141 0.703542 0.253641 0.711313
3 0.249359 0.717688 0.247141 0.701063 0.239562 0.707000 0.240906 0.728375 0.249359 0.717688
3 0.253938 0.711812 0.254078 0.708667 0.254359 0.703292 0.254078 0.699395 0.250875 0.696625 0.248516 0.698105 0.250328 0.700688 0.249203 0.701625 0.249766 0.702917 0.250047 0.705708 0.249078 0.714042 0.253938 0.711812
3 0.742094 0.701542 0.743969 0.710333 0.745859 0.711583 0.746797 0.705313 0.747734 0.699042 0.745859 0.690250 0.746797 0.683980 0.748672 0.681458 0.743969 0.678958 0.742094 0.675188 0.741141 0.678958 0.741141 0.689000 0.741141 0.696520 0.742094 0.701542
3 0.621125 0.679605 0.621641 0.675125 0.621375 0.669605 0.620094 0.665792 0.619047 0.664083 0.619047 0.662687 0.617766 0.660270 0.615437 0.662000 0.615688 0.665792 0.614391 0.667875 0.614391 0.670292 0.613359 0.676145 0.614391 0.682355 0.621125 0.679605
3 0.229734 0.729458 0.230594 0.727667 0.232063 0.723395 0.232313 0.725688 0.233422 0.727980 0.235391 0.727500 0.235391 0.721105 0.235391 0.714542 0.235391 0.708313 0.235266 0.701917 0.234406 0.698645 0.233906 0.695188 0.232687 0.693730 0.230719 0.694375 0.229609 0.694708 0.229000 0.698645 0.228500 0.700770 0.227156 0.702730 0.227031 0.707980 0.228141 0.714042 0.227391 0.715042 0.228141 0.720770 0.227641 0.725375 0.229125 0.728645 0.229734 0.729458
3 0.267531 0.704313 0.268922 0.708020 0.269156 0.709562 0.271000 0.709250 0.271469 0.704313 0.270313 0.695042 0.268453 0.695980 0.267531 0.698750 0.266844 0.700917 0.267531 0.704313
3 0.560922 0.668395 0.560344 0.660562 0.559562 0.660042 0.558188 0.662125 0.556813 0.664750 0.555641 0.667625 0.555250 0.670230 0.554266 0.676250 0.557203 0.679125 0.558766 0.677020 0.559953 0.676770 0.561125 0.675730 0.561906 0.673105 0.560922 0.668395
3 0.740500 0.707020 0.740703 0.697000 0.738297 0.695895 0.739891 0.693770 0.739125 0.676562 0.736781 0.676833 0.733812 0.685208 0.733406 0.692937 0.735609 0.697645 0.735609 0.709230 0.737125 0.711083 0.739328 0.710708 0.740500 0.707020
3 0.271828 0.707020 0.271172 0.711458 0.274500 0.709542 0.274500 0.704375 0.274828 0.702000 0.274609 0.699645 0.272828 0.698605 0.271953 0.702438 0.271828 0.707020
3 0.262172 0.696542 0.261719 0.697355 0.261875 0.700000 0.261719 0.701645 0.261250 0.704292 0.261109 0.705105 0.261719 0.708770 0.262172 0.709583 0.263859 0.712042 0.263406 0.717333 0.264016 0.723667 0.267844 0.722250 0.267078 0.702458 0.266000 0.700000 0.265391 0.698167 0.264313 0.696937 0.263250 0.696730 0.262172 0.696542