3 0.746980 0.890427 0.748900 0.879441 0.746980 0.863306 0.751320 0.859441 0.753259 0.854267 0.751320 0.847173 0.748420 0.840720 0.743100 0.834267 0.743100 0.826533 0.740200 0.816853 0.731480 0.814906 0.729059 0.816214 0.725680 0.817494 0.726641 0.825227 0.729541 0.831041 0.721800 0.837494 0.718900 0.840720 0.715520 0.844586 0.720841 0.855573 0.724220 0.872347 0.723259 0.883306 0.720841 0.891706 0.722780 0.906559 0.723741 0.918800 0.729541 0.930427 0.732459 0.944614 0.735359 0.953014 0.730041 0.956241 0.734380 0.957520 0.738741 0.957520 0.741159 0.951067 0.736800 0.932373 0.740680 0.933653 0.746000 0.947841 0.745041 0.955600 0.751320 0.957520 0.753259 0.952373 0.750841 0.943333 0.746000 0.930427 0.744559 0.918800 0.746000 0.902027 0.746980 0.890427
3 0.581380 0.925947 0.582100 0.894720 0.582100 0.867386 0.577720 0.856641 0.579920 0.846880 0.574780 0.833227 0.566741 0.837120 0.561620 0.853733 0.555759 0.861520 0.553559 0.873253 0.560141 0.896667 0.557959 0.931786 0.563080 0.972800 0.564541 0.978641 0.572600 0.972800 0.582100 0.978641 0.584300 0.967920 0.581380 0.925947
3 0.510959 0.860853 0.503341 0.852533 0.501600 0.833547 0.496741 0.834480 0.492220 0.839573 0.492220 0.852533 0.483200 0.864559 0.488059 0.875653 0.488759 0.912214 0.493620 0.928880 0.491541 0.941359 0.489100 0.966347 0.501259 0.978853 0.507159 0.962186 0.508541 0.926559 0.514100 0.926106 0.511320 0.894641 0.511659 0.871041 0.516520 0.869653 0.510959 0.860853
3 0.479120 0.976053 0.479441 0.972214 0.480400 0.968800 0.481359 0.955600 0.481680 0.944106 0.482000 0.936027 0.482000 0.923680 0.482000 0.905786 0.482000 0.899414 0.485500 0.890880 0.486141 0.887494 0.484541 0.878959 0.483580 0.871306 0.483580 0.869173 0.479759 0.861520 0.477520 0.853841 0.477520 0.847041 0.474000 0.840641 0.469541 0.839359 0.466980 0.841494 0.463800 0.844053 0.462841 0.847041 0.460920 0.857680 0.453580 0.868747 0.453580 0.872159 0.453900 0.880667 0.453900 0.886641 0.458041 0.921547 0.457720 0.932614 0.457720 0.936453 0.457720 0.944106 0.458680 0.951786 0.459320 0.956027 0.459959 0.962000 0.460280 0.965814 0.461559 0.971786 0.464100 0.976906 0.467941 0.978159 0.472420 0.979014 0.476241 0.979014 0.479120 0.976053
3 0.441841 0.949547 0.446680 0.949547 0.446680 0.925653 0.445220 0.914694 0.440880 0.889520 0.445220 0.886294 0.444259 0.864347 0.441841 0.855333 0.440380 0.864347 0.434100 0.861120 0.435541 0.847573 0.434580 0.839200 0.426841 0.837894 0.424900 0.847573 0.426841 0.859200 0.418600 0.863706 0.411341 0.864347 0.409420 0.870159 0.411341 0.881147 0.407480 0.905653 0.408920 0.911467 0.411341 0.912106 0.414741 0.904373 0.418600 0.883067 0.421020 0.888241 0.418600 0.900506 0.420541 0.920506 0.420541 0.949547 0.423441 0.951467 0.424900 0.980506 0.426841 0.979867 0.433120 0.981173 0.444741 0.979867 0.439420 0.969547 0.441841 0.949547
3 0.291180 0.901814 0.290200 0.896080 0.288241 0.895759 0.285900 0.896080 0.286141 0.890506 0.284180 0.886906 0.282700 0.885920 0.280120 0.886906 0.279741 0.894773 0.280241 0.898880 0.279259 0.900667 0.278280 0.902480 0.276920 0.905600 0.275680 0.909867 0.276680 0.911333 0.279620 0.910506 0.281220 0.911333 0.282320 0.916080 0.284420 0.916586 0.291559 0.916241 0.293400 0.913467 0.293520 0.908694 0.291180 0.901814
3 0.632659 0.914586 0.634141 0.903841 0.634141 0.893067 0.632659 0.882320 0.634859 0.873520 0.636341 0.861759 0.634141 0.853947 0.626800 0.849067 0.628259 0.844159 0.631920 0.831441 0.621659 0.823627 0.615780 0.828506 0.613580 0.842214 0.612859 0.842214 0.606259 0.851014 0.606980 0.860800 0.606980 0.865680 0.606980 0.879386 0.608459 0.880347 0.609180 0.882320 0.609180 0.896986 0.609180 0.910667 0.609180 0.912641 0.618720 0.973280 0.630459 0.963494 0.630459 0.957627 0.631920 0.939041 0.631920 0.928294 0.632659 0.914586
3 0.677959 0.872614 0.677000 0.862933 0.681841 0.858427 0.675059 0.842933 0.671200 0.840347 0.670220 0.837759 0.669741 0.824853 0.666359 0.820986 0.662000 0.818400 0.659580 0.819041 0.656680 0.822933 0.654741 0.830667 0.657159 0.841627 0.649900 0.847441 0.647000 0.857120 0.647959 0.866159 0.648441 0.878427 0.648441 0.886800 0.648441 0.890027 0.651341 0.891333 0.652800 0.903600 0.654741 0.922294 0.657159 0.935867 0.660541 0.948106 0.661020 0.959733 0.661520 0.963600 0.678941 0.966186 0.678941 0.965547 0.677000 0.955227 0.676041 0.921653 0.675059 0.915200 0.678941 0.904880 0.678941 0.886159 0.677959 0.872614
3 0.588280 0.876586 0.588700 0.878000 0.589120 0.878559 0.589759 0.879120 0.590180 0.881359 0.589959 0.884747 0.589341 0.888400 0.588280 0.894559 0.589541 0.896267 0.591220 0.896267 0.595659 0.895706 0.598400 0.894853 0.599859 0.891200 0.602180 0.889786 0.602180 0.884747 0.602180 0.880800 0.602180 0.877441 0.602180 0.875200 0.601341 0.872667 0.600080 0.870427 0.599441 0.870133 0.598820 0.869014 0.598600 0.865067 0.599659 0.863680 0.601759 0.859467 0.602820 0.856933 0.603020 0.852986 0.602820 0.848773 0.602180 0.846267 0.601559 0.844000 0.599020 0.842053 0.596080 0.840080 0.595859 0.838667 0.595659 0.835573 0.594600 0.831920 0.592700 0.831359 0.588920 0.833067 0.588059 0.836720 0.588480 0.840641 0.588059 0.841759 0.584700 0.845973 0.581120 0.851306 0.581120 0.857786 0.584280 0.862000 0.586600 0.863386 0.586380 0.865067 0.586800 0.867041 0.586800 0.868720 0.587441 0.873227 0.588280 0.876586
3 0.519080 0.852614 0.519441 0.862159 0.524800 0.867173 0.525159 0.874559 0.525520 0.877173 0.528380 0.878853 0.528380 0.876694 0.529259 0.874320 0.530520 0.873359 0.529441 0.862641 0.529441 0.857147 0.529620 0.853814 0.538380 0.850959 0.541059 0.848559 0.539459 0.846906 0.533380 0.847627 0.531600 0.848320 0.530520 0.846667 0.530880 0.842853 0.531600 0.840933 0.531759 0.833306 0.528900 0.831653 0.526041 0.834027 0.524620 0.837359 0.524620 0.840694 0.519080 0.852614
3 0.356900 0.791680 0.355080 0.802427 0.354700 0.809280 0.357280 0.816133 0.363880 0.816133 0.365341 0.808800 0.365341 0.794133 0.365341 0.786294 0.362041 0.784347 0.356900 0.791680
3 0.938959 0.849359 0.937020 0.841547 0.937020 0.833759 0.937020 0.831173 0.929220 0.828559 0.925320 0.838959 0.927280 0.851947 0.927280 0.867520 0.938959 0.867520 0.944800 0.859733 0.938959 0.849359
3 0.137641 0.899280 0.130220 0.894667 0.122780 0.899280 0.125759 0.909841 0.127741 0.928320 0.123780 0.928986 0.136641 0.929653 0.143580 0.920400 0.139620 0.919759 0.137641 0.899280
3 0.017000 0.918667 0.018000 0.933333 0.024000 0.941333 0.036000 0.941333 0.045000 0.924000 0.058000 0.938667 0.070000 0.938667 0.076000 0.925333 0.074000 0.880000 0.082000 0.866667 0.094000 0.882667 0.106000 0.882667 0.110000 0.877333 0.118000 0.890667 0.130000 0.890667 0.138000 0.885333 0.142000 0.890667 0.150000 0.890667 0.158000 0.901333 0.190000 0.901333 0.196000 0.888000 0.200000 0.888000 0.206000 0.896000 0.214000 0.896000 0.214000 0.914667 0.220000 0.922667 0.232000 0.922667 0.238000 0.909333 0.250000 0.912000 0.262000 0.922667 0.274000 0.922667 0.278000 0.917333 0.276000 0.909333 0.280000 0.901333 0.292000 0.906667 0.298000 0.914667 0.310000 0.914667 0.314000 0.909333 0.318000 0.888000 0.326000 0.882667 0.338000 0.898667 0.350000 0.898667 0.360000 0.880000 0.368000 0.901333 0.370000 0.933333 0.364000 0.968000 0.364000 0.986667 0.370000 0.994667 0.390000 0.994667 0.396000 0.992000 0.402000 0.978667 0.400000 0.920000 0.404000 0.877333 0.398000 0.866667 0.401000 0.848000 0.410000 0.858667 0.422000 0.858667 0.436000 0.850667 0.446000 0.861333 0.456000 0.861333 0.460000 0.856000 0.462000 0.840000 0.456000 0.829333 0.490000 0.802667 0.496000 0.810667 0.508000 0.810667 0.516000 0.805333 0.526000 0.834667 0.522000 0.840000 0.532000 0.850667 0.530000 0.869333 0.536000 0.893333 0.544000 0.904000 0.555000 0.884000 0.558000 0.901333 0.554000 0.853333 0.556000 0.840000 0.564000 0.842667 0.574000 0.834667 0.578000 0.842667 0.582000 0.842667 0.588000 0.829333 0.594000 0.832000 0.598000 0.840000 0.610000 0.840000 0.614000 0.834667 0.616000 0.818667 0.610000 0.808000 0.610000 0.800000 0.614000 0.794667 0.628000 0.813333 0.630000 0.826667 0.636000 0.834667 0.648000 0.834667 0.658000 0.810667 0.660000 0.812000 0.660000 0.805333 0.668000 0.805333 0.672000 0.813333 0.672000 0.829333 0.678000 0.837333 0.690000 0.837333 0.686000 0.848000 0.686000 0.864000 0.694000 0.874667 0.716000 0.874667 0.720000 0.869333 0.716000 0.837333 0.728000 0.834667 0.728000 0.786667 0.748000 0.786667 0.752000 0.781333 0.772000 0.778667 0.778000 0.786667 0.772667 0.801778 0.774000 0.808000 0.768000 0.808000 0.762000 0.816000 0.767333 0.816889 0.762000 0.832000 0.768000 0.840000 0.778000 0.840000 0.786000 0.856000 0.798000 0.856000 0.816000 0.880000 0.828000 0.880000 0.834000 0.866667 0.842000 0.861333 0.846000 0.861333 0.852000 0.869333 0.864000 0.869333 0.868000 0.864000 0.870000 0.848000 0.884000 0.850667 0.890000 0.858667 0.912000 0.858667 0.922000 0.848000 0.924000 0.832000 0.936000 0.821333 0.938000 0.848000 0.936000 0.872000 0.944000 0.858667 0.950000 0.874667 0.958000 0.853333 0.972000 0.856000 0.982000 0.869333 0.994000 0.869333 0.998000 0.864000 0.998000 0.842667 0.990000 0.821333 0.986000 0.816000 0.958000 0.818667 0.954000 0.813333 0.954000 0.797333 0.941600 0.805333 0.942000 0.792000 0.944400 0.792000 0.947200 0.778667 0.954000 0.781333 0.954000 0.765333 0.962000 0.765333 0.966000 0.760000 0.966000 0.722667 0.962000 0.717333 0.950000 0.717333 0.940000 0.738667 0.930000 0.744000 0.929500 0.739167 0.932000 0.728000 0.926000 0.717333 0.914000 0.717333 0.919000 0.739667 0.908500 0.740167 0.906000 0.729333 0.898000 0.741333 0.887500 0.741167 0.886000 0.736000 0.877000 0.741667 0.872000 0.736000 0.866500 0.742167 0.860000 0.736000 0.856000 0.742667 0.848000 0.736000 0.845500 0.743167 0.836000 0.736000 0.835000 0.743667 0.828000 0.746667 0.824500 0.744167 0.822000 0.736000 0.814000 0.744667 0.810000 0.736000 0.803500 0.745167 0.796000 0.749333 0.790000 0.738667 0.782500 0.746167 0.778000 0.738667 0.772000 0.746667 0.761858 0.749333 0.754000 0.765333 0.751714 0.752000 0.744000 0.744000 0.741572 0.754667 0.731428 0.757333 0.730000 0.744000 0.724000 0.752000 0.718000 0.752000 0.714000 0.746667 0.700000 0.746667 0.694000 0.754667 0.701000 0.765333 0.670572 0.773333 0.662000 0.762667 0.660428 0.776000 0.650286 0.778667 0.650000 0.762667 0.644000 0.770667 0.640142 0.781333 0.630000 0.784000 0.624000 0.792000 0.619539 0.782359 0.616000 0.778667 0.614000 0.765333 0.608000 0.754667 0.588000 0.757333 0.588153 0.777436 0.580000 0.768000 0.577692 0.775795 0.570000 0.770667 0.564000 0.760000 0.556769 0.772513 0.552000 0.760000 0.546308 0.770872 0.544000 0.769333 0.536000 0.778667 0.535847 0.769231 0.532000 0.773333 0.525384 0.767589 0.518000 0.773333 0.518000 0.765333 0.512000 0.754667 0.514923 0.765948 0.504461 0.764308 0.500000 0.754667 0.494000 0.762667 0.492667 0.776000 0.483847 0.761847 0.386000 0.754667 0.382308 0.753641 0.380000 0.744000 0.372153 0.752820 0.368000 0.744000 0.362000 0.752000 0.332400 0.766400 0.330000 0.762667 0.322533 0.771200 0.318000 0.762667 0.312000 0.770667 0.312000 0.786667 0.302800 0.780800 0.292933 0.785600 0.294000 0.792000 0.283067 0.790400 0.276000 0.800000 0.273200 0.795200 0.263333 0.800000 0.264000 0.813333 0.253467 0.804800 0.250000 0.813333 0.243600 0.809600 0.233733 0.814400 0.232000 0.818667 0.223867 0.819200 0.220000 0.816000 0.214000 0.824000 0.183369 0.829895 0.178000 0.829333 0.174000 0.810667 0.168000 0.800000 0.156000 0.800000 0.152000 0.805333 0.146000 0.800000 0.134000 0.800000 0.128000 0.808000 0.129000 0.826667 0.132316 0.839719 0.126667 0.848889 0.122105 0.841684 0.111895 0.843648 0.104000 0.837333 0.101684 0.845614 0.092000 0.837333 0.091473 0.847580 0.086000 0.845333 0.081263 0.849544 0.078000 0.840000 0.066000 0.840000 0.071053 0.851509 0.060842 0.853473 0.056000 0.849333 0.046000 0.858667 0.030000 0.856000 0.030211 0.859369 0.020000 0.861333 0.006000 0.880000 0.006000 0.896000 0.012000 0.904000 0.024000 0.904000 0.024000 0.909333 0.017000 0.918667