3 0.823547 0.040444 0.822031 0.022477 0.790484 0.051683 0.807016 0.062920 0.808516 0.092127 0.817531 0.101122 0.822031 0.101122 0.826547 0.074159 0.823547 0.040444
3 0.762437 0.051986 0.760969 0.057103 0.755094 0.068784 0.756078 0.079766 0.757547 0.080491 0.758031 0.079766 0.759984 0.076845 0.762437 0.068784 0.764391 0.073178 0.765359 0.077570 0.770250 0.086331 0.771234 0.084136 0.770750 0.079019 0.770750 0.076098 0.773672 0.065864 0.773672 0.045397 0.770250 0.035164 0.770750 0.036636 0.771234 0.032244 0.765359 0.036636 0.765359 0.038084 0.761937 0.043925 0.762437 0.051986
3 0.072109 0.080467 0.072688 0.070256 0.070125 0.055350 0.066422 0.050256 0.061859 0.048552 0.062141 0.045981 0.062141 0.036612 0.053609 0.033225 0.052750 0.035350 0.050469 0.037477 0.051047 0.045141 0.053031 0.050256 0.052469 0.051098 0.049328 0.056216 0.048188 0.066425 0.051047 0.086005 0.055594 0.110280 0.055875 0.111122 0.069828 0.112827 0.069828 0.099206 0.069828 0.089416 0.072109 0.080467
3 0.104422 0.044183 0.107797 0.034089 0.102734 0.028037 0.097344 0.033598 0.097016 0.038622 0.092625 0.046192 0.092625 0.064322 0.093516 0.061169 0.093953 0.075397 0.102594 0.068925 0.109141 0.062827 0.112516 0.063317 0.109141 0.051730 0.104422 0.044183
3 0.015031 0.328084 0.033063 0.343831 0.040578 0.334836 0.039078 0.310117 0.058609 0.271916 0.057109 0.240444 0.027047 0.229206 0.025547 0.213481 0.009016 0.191005 0.001500 0.186519 0.000000 0.235958 0.001500 0.253925 0.010516 0.265164 0.015031 0.328084
3 0.946438 0.032688 0.943422 0.021122 0.942562 0.010211 0.937406 0.010841 0.931391 0.021122 0.929250 0.037173 0.924516 0.043598 0.921937 0.059673 0.924953 0.068669 0.921937 0.081519 0.923656 0.103995 0.925812 0.116845 0.928813 0.117500 0.936125 0.118131 0.934406 0.116845 0.941281 0.100794 0.944281 0.066730 0.947297 0.044252 0.946438 0.032688
3 0.000000 0.077547 0.001406 0.090420 0.005312 0.102127 0.010016 0.115888 0.013531 0.121752 0.017844 0.118808 0.022937 0.116472 0.013344 0.076963 0.009234 0.058505 0.008781 0.052127 0.009687 0.049230 0.011500 0.045164 0.011234 0.041892 0.006844 0.034930 0.004531 0.033575 0.002203 0.034556 0.000219 0.042127 0.000000 0.050608 0.000000 0.077547
3 0.091500 0.084720 0.094766 0.076706 0.094469 0.074930 0.093281 0.063808 0.092688 0.047359 0.094766 0.043808 0.095063 0.040678 0.095359 0.039345 0.095359 0.038458 0.093281 0.033131 0.089109 0.031798 0.084656 0.037127 0.085844 0.038458 0.085844 0.042453 0.080781 0.047803 0.079594 0.050023 0.078406 0.066939 0.077812 0.065141 0.076625 0.083388 0.076625 0.088294 0.089703 0.088294 0.091500 0.084720
3 0.616906 0.068831 0.620563 0.055211 0.624203 0.042967 0.620563 0.030702 0.614187 0.042967 0.609625 0.051122 0.602344 0.071542 0.609625 0.078341 0.623281 0.079720 0.616906 0.068831
3 0.016688 0.041775 0.013578 0.063855 0.020578 0.083598 0.024453 0.120794 0.044672 0.114977 0.045156 0.114042 0.043109 0.085934 0.039234 0.068505 0.039234 0.040608 0.029906 0.037127 0.025234 0.033622 0.016688 0.041775
3 0.781328 0.045514 0.782750 0.036659 0.778719 0.030655 0.777547 0.036308 0.772344 0.046566 0.772578 0.068855 0.775641 0.083014 0.778016 0.083364 0.780609 0.068855 0.782266 0.051869 0.781797 0.046216 0.781328 0.045514
3 0.889813 0.080280 0.891594 0.076659 0.891922 0.069627 0.893703 0.066005 0.894016 0.061636 0.894187 0.055117 0.894828 0.049298 0.894672 0.046145 0.894344 0.040584 0.892563 0.039627 0.889156 0.042289 0.888359 0.042289 0.886578 0.043248 0.885125 0.048341 0.885609 0.053178 0.884469 0.066005 0.886406 0.068178 0.885437 0.074720 0.883500 0.078598 0.883344 0.080514 0.884625 0.084650 0.886734 0.084650 0.886734 0.082453 0.889813 0.080280
3 0.570188 0.074089 0.572063 0.070981 0.582688 0.071284 0.583734 0.072523 0.583734 0.067244 0.583109 0.060702 0.581031 0.050420 0.574156 0.042944 0.563953 0.038575 0.557078 0.037336 0.557078 0.034230 0.555406 0.027991 0.552484 0.017103 0.549156 0.016472 0.544156 0.018972 0.542281 0.023645 0.541875 0.032359 0.541875 0.037336 0.543734 0.041706 0.539781 0.047617 0.537703 0.056963 0.535828 0.077827 0.534578 0.088739 0.531875 0.092150 0.530203 0.092477 0.529375 0.097453 0.532703 0.099627 0.533531 0.102430 0.538953 0.095888 0.547703 0.079697 0.567281 0.070350 0.570188 0.074089
3 0.983203 0.105141 0.998437 0.070094 0.998437 0.023364 0.993750 0.009345 0.987500 0.002336 0.957812 0.002336 0.946875 0.025702 0.946875 0.037383 0.939063 0.027203 0.908547 0.033509 0.946875 0.049066 0.937500 0.119159 0.950000 0.130841 0.964063 0.130841 0.978125 0.116822 0.984375 0.126169 0.988281 0.120327 0.998437 0.123831 0.983203 0.105141
3 0.050000 0.292056 0.057813 0.299066 0.070312 0.299066 0.079687 0.289720 0.084375 0.273364 0.081250 0.250000 0.075000 0.240655 0.064062 0.235981 0.078125 0.051402 0.112500 0.063084 0.328125 0.081523 0.398438 0.093458 0.396875 0.107477 0.403125 0.128505 0.404687 0.144859 0.407813 0.149533 0.414062 0.149533 0.417187 0.142523 0.417187 0.130841 0.414062 0.126169 0.417187 0.081775 0.410938 0.074766 0.414062 0.064252 0.424480 0.044781 0.431250 0.053739 0.437500 0.053739 0.440625 0.046730 0.445312 0.053739 0.451562 0.053739 0.454688 0.049066 0.459375 0.053739 0.471875 0.053739 0.475000 0.046730 0.481250 0.046730 0.484375 0.039720 0.484375 0.032711 0.514062 0.030373 0.517188 0.035047 0.568750 0.042056 0.621875 0.093458 0.625000 0.098131 0.631250 0.098131 0.631250 0.077847 0.637500 0.081775 0.643750 0.074766 0.646875 0.079333 0.651563 0.073598 0.654687 0.080077 0.659375 0.072430 0.662500 0.080820 0.795312 0.093458 0.793750 0.112150 0.800000 0.121495 0.809375 0.121495 0.814063 0.114486 0.815625 0.100467 0.804688 0.086448 0.809375 0.077881 0.830469 0.054517 0.834375 0.051402 0.834375 0.063084 0.839063 0.070094 0.854688 0.072430 0.862500 0.065420 0.881250 0.070094 0.884375 0.065420 0.884375 0.049066 0.878125 0.044392 0.876819 0.040066 0.867188 0.042056 0.857812 0.042056 0.853125 0.043725 0.850000 0.049066 0.842187 0.044392 0.837500 0.046730 0.664062 0.056075 0.660937 0.049066 0.656250 0.046730 0.650000 0.051402 0.640625 0.051402 0.634375 0.063084 0.631250 0.063084 0.628125 0.074766 0.623437 0.077103 0.573611 0.037123 0.570312 0.030373 0.566494 0.031412 0.564063 0.023364 0.559375 0.025702 0.533125 0.020094 0.526563 0.021028 0.520312 0.014019 0.484375 0.023152 0.481250 0.028037 0.476562 0.024852 0.473438 0.028037 0.468750 0.026550 0.465625 0.016355 0.460938 0.018692 0.460938 0.028250 0.453125 0.029948 0.451562 0.035047 0.445312 0.031648 0.442188 0.039720 0.437500 0.033347 0.434375 0.032711 0.429688 0.035047 0.406250 0.077103 0.401562 0.091122 0.320312 0.080197 0.125000 0.047045 0.120313 0.049066 0.114062 0.042056 0.109375 0.044392 0.107813 0.051402 0.100977 0.043516 0.075781 0.040888 0.073438 0.046730 0.067383 0.040011 0.050586 0.038259 0.048438 0.044392 0.042188 0.037383 0.037500 0.042056 0.043142 0.100078 0.045312 0.100467 0.044270 0.112150 0.048438 0.114486 0.045400 0.124222 0.057813 0.257009 0.056250 0.278037 0.050000 0.292056