4 0.665605 0.892670 0.646497 0.874345 0.614650 0.863875 0.605095 0.869109 0.598727 0.950263 0.614650 0.971205 0.662420 0.979058 0.668789 0.958116 0.665605 0.892670
4 0.414013 0.858639 0.378981 0.840314 0.369427 0.840314 0.375797 0.939791 0.407644 0.945027 0.420383 0.939791 0.436306 0.924084 0.433120 0.882198 0.414013 0.858639
4 0.378981 0.806283 0.385350 0.819372 0.429936 0.837697 0.436306 0.803666 0.442675 0.793194 0.455414 0.793194 0.461783 0.798430 0.487261 0.798430 0.506369 0.787958 0.487261 0.764398 0.458598 0.753927 0.436306 0.753927 0.423567 0.761780 0.414013 0.785341 0.398089 0.798430 0.378981 0.806283
4 0.592356 0.829842 0.601911 0.835078 0.627389 0.835078 0.640128 0.829842 0.649681 0.829842 0.671975 0.811519 0.681528 0.772252 0.681528 0.746073 0.668789 0.730367 0.627389 0.701570 0.592356 0.691100 0.554141 0.693717 0.541402 0.706806 0.487261 0.740838 0.493631 0.748691 0.515923 0.761780 0.522294 0.761780 0.576433 0.803666 0.589172 0.819372 0.592356 0.829842
4 0.363058 0.785341 0.391720 0.761780 0.391720 0.753927 0.385350 0.748691 0.394905 0.735602 0.391720 0.717278 0.363058 0.688481 0.321656 0.667539 0.305733 0.654450 0.273886 0.641361 0.267516 0.646597 0.267516 0.659686 0.289809 0.727748 0.299363 0.743456 0.347134 0.785341 0.363058 0.785341
4 0.697452 0.615183 0.627389 0.664922 0.678344 0.701570 0.687898 0.698953 0.700638 0.659686 0.703822 0.628272 0.697452 0.615183
4 0.308917 0.599477 0.292994 0.620419 0.318472 0.633508 0.334395 0.636125 0.404459 0.688481 0.423567 0.709423 0.426752 0.719895 0.439491 0.727748 0.477706 0.714659 0.506369 0.691100 0.515923 0.688481 0.515923 0.675392 0.506369 0.664922 0.509555 0.649214 0.519108 0.643980 0.515923 0.625655 0.458598 0.575916 0.417197 0.557592 0.410828 0.547120 0.375797 0.544503 0.375797 0.557592 0.359872 0.560209 0.347134 0.568063 0.347134 0.573298 0.318472 0.596859 0.308917 0.599477
4 0.324841 0.547120 0.324841 0.536648 0.312102 0.528795 0.328025 0.502617 0.324841 0.486911 0.289809 0.458116 0.273886 0.473822 0.261147 0.523561 0.261147 0.552356 0.273886 0.581152 0.283439 0.581152 0.324841 0.547120
4 0.436306 0.497383 0.417197 0.505236 0.407644 0.515706 0.407644 0.520942 0.461783 0.544503 0.506369 0.573298 0.547770 0.609947 0.557325 0.628272 0.573248 0.638744 0.614650 0.625655 0.640128 0.612566 0.665605 0.594241 0.668789 0.570681 0.662420 0.560209 0.665605 0.552356 0.678344 0.541884 0.678344 0.536648 0.668789 0.518325 0.640128 0.494764 0.630573 0.481675 0.624203 0.481675 0.598727 0.458116 0.579617 0.450263 0.531847 0.418848 0.519108 0.418848 0.509555 0.437173 0.500000 0.445027 0.500000 0.450263 0.458598 0.484294 0.442675 0.489528 0.436306 0.497383
4 0.191083 0.531414 0.200637 0.531414 0.210191 0.518325 0.207006 0.442408 0.213377 0.426702 0.222930 0.418848 0.210191 0.405759 0.175159 0.390053 0.159236 0.390053 0.124203 0.431937 0.117834 0.452880 0.121019 0.471205 0.130573 0.489528 0.162420 0.518325 0.191083 0.531414
4 0.550955 0.392670 0.547770 0.400523 0.557325 0.408377 0.585987 0.416230 0.636942 0.447644 0.700638 0.500000 0.710191 0.518325 0.726114 0.531414 0.735669 0.531414 0.818472 0.502617 0.859872 0.471205 0.863058 0.458116 0.850319 0.437173 0.847134 0.421466 0.850319 0.413612 0.843948 0.405759 0.840764 0.382198 0.818472 0.353403 0.802548 0.342931 0.799362 0.335078 0.780255 0.319372 0.767516 0.316755 0.761147 0.308900 0.722930 0.285341 0.703822 0.282722 0.640128 0.345550 0.630573 0.348167 0.608280 0.363875 0.595541 0.363875 0.566880 0.379581 0.550955 0.392670
4 0.232484 0.379581 0.251592 0.392670 0.270700 0.397906 0.286623 0.395288 0.296178 0.403141 0.302548 0.421466 0.347134 0.460733 0.366242 0.486911 0.382166 0.486911 0.391720 0.479058 0.398089 0.479058 0.407644 0.471205 0.442675 0.455497 0.474522 0.424084 0.474522 0.416230 0.458598 0.405759 0.458598 0.390053 0.474522 0.376964 0.468153 0.350786 0.449045 0.337697 0.449045 0.329842 0.436306 0.324608 0.423567 0.311519 0.417197 0.311519 0.391720 0.287958 0.350319 0.264398 0.337580 0.261780 0.331211 0.253927 0.299363 0.246073 0.292994 0.240837 0.264331 0.274869 0.194267 0.329842 0.178344 0.358639 0.194267 0.369109 0.203822 0.369109 0.232484 0.379581
4 0.843948 0.267016 0.850319 0.272252 0.850319 0.282722 0.856687 0.287958 0.863058 0.308900 0.885350 0.335078 0.904459 0.382198 0.914012 0.387434 0.914012 0.395288 0.923567 0.395288 0.920383 0.392670 0.926752 0.384817 0.926752 0.350786 0.920383 0.319372 0.929936 0.256544 0.920383 0.201570 0.939491 0.128272 0.936306 0.107330 0.920383 0.117802 0.920383 0.123036 0.891720 0.149214 0.805733 0.204189 0.837580 0.240837 0.843948 0.267016
4 0.493631 0.149214 0.477706 0.164922 0.375797 0.188481 0.318472 0.188481 0.315286 0.185864 0.289809 0.201570 0.292994 0.204189 0.292994 0.212042 0.315286 0.214659 0.334395 0.222512 0.340764 0.222512 0.353503 0.230367 0.359872 0.230367 0.449045 0.285341 0.452230 0.290577 0.471338 0.303666 0.500000 0.335078 0.500000 0.340314 0.509555 0.348167 0.512739 0.356020 0.522294 0.363875 0.589172 0.332461 0.611466 0.316755 0.649681 0.282722 0.656052 0.272252 0.656052 0.264398 0.640128 0.240837 0.659236 0.222512 0.659236 0.209423 0.630573 0.178011 0.579617 0.133508 0.528663 0.099477 0.522294 0.099477 0.515923 0.104713 0.506369 0.120419 0.506369 0.125655 0.500000 0.130891 0.493631 0.149214
4 0.590330 0.000000 0.547770 0.054973 0.550955 0.065445 0.601911 0.099477 0.649681 0.138744 0.681528 0.170158 0.691083 0.185864 0.703822 0.196334 0.716561 0.196334 0.732484 0.191100 0.786623 0.159686 0.799362 0.157069 0.812102 0.146597 0.821656 0.143980 0.853503 0.115183 0.872611 0.104713 0.885350 0.089005 0.885350 0.081152 0.869427 0.065445 0.869427 0.047120 0.891720 0.026178 0.891720 0.020942 0.877566 0.000000 0.590330 0.000000