0 0.820833 0.090741 0.819792 0.097222 0.817187 0.104630 0.816145 0.113889 0.814063 0.116667 0.812500 0.116667 0.810417 0.118519 0.810937 0.127778 0.814063 0.145370 0.817187 0.153703 0.818750 0.161111 0.822917 0.169444 0.830208 0.175927 0.834375 0.184259 0.836980 0.187037 0.845313 0.187963 0.847395 0.186111 0.853645 0.176852 0.861458 0.171297 0.867188 0.160186 0.869270 0.153703 0.872917 0.125000 0.872917 0.115741 0.871355 0.109259 0.866667 0.101852 0.865625 0.098148 0.863020 0.093519 0.862500 0.087962 0.863020 0.085186 0.866667 0.076852 0.868750 0.067592 0.868750 0.064814 0.871355 0.056481 0.869792 0.053703 0.867708 0.053703 0.866667 0.055556 0.862500 0.058333 0.856770 0.065741 0.855730 0.065741 0.849480 0.059259 0.846355 0.058333 0.842187 0.054630 0.837500 0.053703 0.835417 0.054630 0.833855 0.057408 0.833333 0.060186 0.830208 0.065741 0.828645 0.066667 0.825520 0.064814 0.823438 0.061111 0.819270 0.056481 0.814063 0.053703 0.813020 0.055556 0.813020 0.059259 0.814583 0.063889 0.816145 0.076852 0.819792 0.084259 0.820833 0.090741
0 0.054948 0.492592 0.047656 0.487962 0.038802 0.487962 0.029948 0.498148 0.016927 0.504630 0.004167 0.522686 0.002083 0.529167 0.001563 0.558797 0.003386 0.563889 0.008333 0.565278 0.007812 0.581019 0.009375 0.581019 0.023698 0.553703 0.040886 0.544444 0.057292 0.529167 0.058855 0.522686 0.057292 0.498611 0.054948 0.492592
0 0.053386 0.352778 0.045573 0.351852 0.019531 0.354630 0.002605 0.363427 0.000261 0.404630 0.012761 0.402778 0.019531 0.417592 0.040105 0.420833 0.047656 0.419444 0.054167 0.409722 0.055730 0.398611 0.064583 0.372686 0.064844 0.362038 0.053386 0.352778
0 0.109375 0.439352 0.102344 0.434259 0.092448 0.434259 0.065886 0.454630 0.064062 0.458797 0.065625 0.481944 0.074219 0.493519 0.078125 0.493056 0.085677 0.484259 0.094011 0.480556 0.097656 0.474073 0.108594 0.469444 0.110937 0.462500 0.109375 0.439352
0 0.209114 0.439814 0.201302 0.441667 0.184375 0.467130 0.184895 0.475463 0.191145 0.485648 0.193489 0.497222 0.200261 0.501852 0.203906 0.496297 0.208073 0.496297 0.212500 0.511573 0.230989 0.502778 0.233855 0.491203 0.240105 0.481944 0.239583 0.463427 0.229427 0.444444 0.209114 0.439814
0 0.179948 0.391667 0.160156 0.397222 0.150000 0.408797 0.149480 0.417130 0.155208 0.435648 0.157031 0.438889 0.164844 0.438889 0.170313 0.447686 0.184636 0.427778 0.193230 0.426389 0.197917 0.407870 0.196614 0.397222 0.188802 0.390741 0.179948 0.391667
0 0.298438 0.411573 0.298438 0.405092 0.282031 0.389814 0.270573 0.391667 0.253906 0.385186 0.239844 0.391667 0.238020 0.398611 0.243750 0.411573 0.243230 0.446759 0.244792 0.454167 0.248438 0.456019 0.254427 0.450927 0.264323 0.450927 0.275781 0.440741 0.285156 0.437038 0.290105 0.418981 0.298438 0.411573
0 0.446614 0.320370 0.440886 0.311111 0.424219 0.304630 0.413281 0.305556 0.400520 0.313427 0.400520 0.327314 0.404427 0.350000 0.417969 0.355556 0.430469 0.355556 0.435937 0.370833 0.439323 0.369444 0.443489 0.357408 0.447395 0.356019 0.446355 0.342130 0.448437 0.328241 0.446614 0.320370
0 0.507031 0.395370 0.502344 0.392592 0.499480 0.397686 0.501823 0.400927 0.515886 0.397222 0.520312 0.390278 0.520312 0.381019 0.516667 0.372686 0.514062 0.356019 0.510156 0.350000 0.494011 0.348148 0.466927 0.355556 0.463020 0.363427 0.465105 0.372686 0.463020 0.391203 0.451042 0.404167 0.456250 0.406944 0.465886 0.402778 0.474739 0.393519 0.490364 0.403703 0.498177 0.387038 0.509375 0.391203 0.507031 0.395370
0 0.496355 0.316203 0.496355 0.325462 0.501823 0.336111 0.509636 0.341667 0.514323 0.337962 0.531250 0.343981 0.535937 0.335648 0.537500 0.314352 0.528386 0.301852 0.520573 0.300000 0.508594 0.303703 0.496355 0.316203
0 0.651563 0.285648 0.652083 0.280092 0.657292 0.273611 0.657813 0.265278 0.649219 0.264814 0.646355 0.271759 0.648958 0.279167 0.643489 0.280556 0.640886 0.266667 0.627864 0.259259 0.576823 0.262038 0.551302 0.286111 0.544270 0.298611 0.545573 0.312038 0.561198 0.312038 0.570833 0.317130 0.576302 0.310186 0.580469 0.314814 0.588802 0.315741 0.606511 0.303703 0.639323 0.301852 0.651563 0.285648
0 0.670052 0.243519 0.658855 0.258797 0.657292 0.276389 0.659114 0.281481 0.676823 0.287963 0.684895 0.287500 0.698438 0.283797 0.708333 0.257870 0.708073 0.237038 0.699219 0.233333 0.684114 0.234259 0.670052 0.243519
0 0.753386 0.247222 0.709114 0.259259 0.706250 0.263427 0.700520 0.285648 0.701042 0.293981 0.707031 0.298148 0.709636 0.304630 0.725781 0.297222 0.733594 0.302778 0.751042 0.306019 0.767969 0.299073 0.769792 0.291203 0.769270 0.272686 0.763542 0.266203 0.759114 0.252778 0.753386 0.247222
0 0.810417 0.223611 0.803645 0.239352 0.803125 0.252314 0.809114 0.262962 0.820312 0.263427 0.843489 0.247222 0.848177 0.249073 0.853645 0.244908 0.850261 0.209259 0.825781 0.208333 0.810417 0.223611